orgNo,partyId,ssn,userId,userPartyId,orgUuid,partyUuid,lastName
310316792,61930786,16858999735,4543685,61930793,93271a74-6f81-4526-9c06-717fafd5cbf6,d2f61254-302f-45d3-88ca-3e1fbafd29c8,ordbok
310316806,61930792,21835699975,4551666,61849788,1546c74a-0280-484b-9a02-1ac90076b92e,97b874ff-7d6d-4ada-9b4f-8c6abf3d5b9e,fan
310316822,61930795,07834299784,4539946,61930798,d988fb49-cfba-42ce-be51-52d61dac8465,05cff53f-8ee1-46da-a97a-cd9bafbc9453,gress
310316911,61930809,01847198334,4555318,61909782,89695547-203f-496f-b3b9-36fbb892b5c3,388f53b5-b256-4483-a2b4-b7b272e65dfe,rygg
310316997,61930835,28919298385,4504167,61930837,fad15c9a-922a-41d5-9ba0-4d5a4a28bc79,9bcb0aaa-24c4-41b3-962b-47a387f1c653,sau
310317098,61930861,13846496135,4532745,61930865,979eeea7-cb0b-4b0a-b480-fb5ce358f9aa,c026e423-cef6-4425-afd7-654261b83f6e,dagsmarsj
310317365,61930937,05818698757,4547878,61930944,fc0ba1fd-94d7-4282-8f22-33976d5ead83,5388795e-b83b-49db-becd-05dfd950f149,nettleser
310317624,61930991,20883548192,4558970,61930998,d000e1ed-a4fa-4736-ae71-30b2324b4045,7f1a2c57-d3f2-491e-a735-0cb82a7a5dc6,hengekøye
310317667,61931008,09878097197,4547783,61931011,ac478fa1-1de6-45fa-a127-1dfb9d348647,8c2d5108-b89a-4f6f-bba4-e9964d7fd48f,avslutningsfest
310317675,61931009,19868297533,4556164,61931014,3ef635f3-a52d-46b7-8a9e-766a1cb6fb95,bcfca61d-af46-4cc2-974c-d4fb82492114,forsikring
310317969,61931073,18866399812,4538599,61931081,354dd1c4-8c45-4268-a6cc-6b11134e9b76,51b420f0-1784-4f01-b10a-4536e990926d,allianse
310317993,61931076,13845498037,4532712,61931087,13adf854-946e-46fc-b82c-1418e6cd0719,d4e2e0e8-1911-4a2b-a46e-446b2230bbab,alkove
310318035,61931098,21867998737,4555446,61931110,5a97e972-5c15-41d8-b9df-4918488a2c10,d60e366f-a6d4-4251-8a5e-a2a6f89ac8d3,alv
310318051,61931105,17907097927,4503543,61931111,10552806-15d4-4ab2-9275-617a9e05d5da,99dd3690-7c11-401a-9837-cae58a2b9ecb,scene
310318329,61931178,11845996395,4559592,61737636,8e6b611f-7352-47ab-be14-029eb8fdf713,efdad01f-7390-4589-b529-6be7e87f0720,mygg
310318361,61931186,26868599560,4505153,61931195,42cfd398-7cfe-4485-ba23-46d5abb62cd9,c65d9ba4-e1d4-427d-af5c-2fcd5d31eb38,dagsmarsj
310318442,61931214,27815199915,4502342,61931221,ee825be8-9378-4e42-893e-a91a3681f19a,dd657183-2642-4a9a-ba60-4dc8895f96c3,snøball
310318493,61762661,06927199333,4547810,61931229,c09fad5d-a1e8-47fa-b985-41fed64a8414,7984f9c7-6d80-4a01-90a7-15a9e6f86e11,filmomtale
310318523,61931230,18857199142,4505237,61931233,c1df1369-2cda-4673-923e-932ad519f54b,cc46e0d6-2931-4143-93a8-988287e7e266,aveny
310318655,61931257,16817798911,4547519,61931263,b040cb9a-cc56-4ac5-b4ca-e8082f71f48f,eb2aa5c0-0dda-47b2-b896-ff5b9256a30d,kalkulator
310318701,61931266,03915495744,4555923,61931274,8023ee00-c72e-4964-a1c6-5ce0192547f6,491e4f24-e65d-4f61-b309-fa317ae2967e,bakterie
310318736,61931273,13873449920,4562693,61931277,b56bad74-5179-4161-a6cf-d9bee9bed1d5,f6a342fb-8fc6-412b-9331-bcf08bc409b8,delstat
310318809,61931294,23815697790,4549830,61721920,18c065cc-2f7a-4c0e-9024-7b6c797111dc,684b208a-bed1-46c1-9a7c-1e6e774340fc,sykkel
310319104,61823603,11906599718,4529792,61931398,1cc5f199-0ac6-42f0-aba1-c9962127aa20,eb671234-3805-4eaa-b376-f8a1f06f6716,hjulvisp
310319112,61931397,03875999914,4549524,61931403,19342048-7919-49f1-9ba7-fab3c1788dcf,e9dba1b4-abd9-46c4-afe8-2099b51202da,karosseri
310319163,61931411,23904499366,4543718,61931417,d3592079-e349-42dd-a897-359167d4acd3,29c8fa0d-4691-483d-8bf7-925c396a551d,ambassadesekretær
310319201,61931418,01906897950,4570574,61931420,c83d0537-95ce-4e50-9156-bee47bb6e133,aecb39b0-130a-4c9c-9d44-4c090b522f20,badeand
310319260,61931427,11869499198,4546694,61731717,c7f11fa4-f5ff-4699-9acc-331ed07ccb1f,1576b538-588a-4a2d-80db-f7d374dd0e69,svigerdatter
310319317,61931443,13883148902,4553710,61931448,359c15c3-17c0-4d23-a13b-7bc07124383a,70a9c827-22f6-489f-bde9-7b721a60322e,sysvort
310319384,61931456,07817399880,4505848,61931462,b894fbae-158d-4051-92f6-e07fb40615b4,95171a7a-3030-410b-b1bc-ffd5e2ea93a2,pappa
310319562,61931504,25865599385,4542251,61931510,1a80fd5c-6ef1-4c0e-8374-23ef932d40a4,7992f74c-0d48-427c-bd10-4adce64bb776,bord
310319643,61931527,11825895762,4553156,61773379,527f758e-2bc0-4efa-8253-4ee720d23770,585e0996-25ee-46a9-8aed-b2932323b373,allergi
310319716,61931554,20839199016,4559924,61931559,f2af072b-d7c9-47a5-b653-8a01a90808e4,ed0bd0d3-e8f1-4890-ade7-7c05e7266922,årstid
310319759,61931566,15859998779,4502883,61931570,a4a6de43-6fa8-4e5d-a801-1ab5fe86b23f,0ecb19ce-b5be-45ba-aaf5-3283b13a1168,fart
310319783,61931573,14917898902,4535706,61931578,ef9b1877-abd4-436e-b03b-190a988aca97,6649a08e-c4c1-463d-9c1f-2d622a2c3410,undulat
310319791,61931576,02902749953,4557220,61931585,b1bc8c43-31df-4875-86a7-eb3f83f72dd0,5dca6e66-523e-4b6f-91dd-73f04c4640e5,fan
310319856,61836569,01866898908,4553351,61931594,e50b0897-7d90-4f79-92b6-62af24456569,69f36e7c-aadd-4902-ac0f-c55ecc7b11dc,algoritme
310319899,61931600,28876698619,4546293,61931603,4af82189-e428-4468-a6a2-9b8f89cf702f,85d08f72-76b8-412b-9abd-c2506c47163f,honning
310319953,61931612,07837598928,4550788,61805739,da6b9504-b7cd-40c4-b72b-0d350ae021fc,adacb185-18db-4d04-b276-870bfd49964b,kamel
310320048,61838542,12929298622,4532139,61931635,71b9beab-fba8-4ccf-9f74-b6a91faac770,283728bc-671e-4529-b868-b4a39e4406e0,lefse
310320072,61931634,01926398306,4542521,61931641,29d82009-cd6d-4f93-8cc8-42f5ae51ddf7,4563e41c-9826-4dc2-9893-5d22a2d82187,pyjamas
310320099,61931644,12818799363,4568431,61931650,181784d3-bc18-4f35-af70-8f556e4a4d2e,3654ba53-2af0-4629-82b1-4c3764f9af14,system
310320137,61931657,22847797103,4540231,61931660,3e4cbd65-5acd-410e-8ea6-14d4958b6e7a,dfa55620-3d39-4611-8e98-cba51348b1dc,fluktstol
310320234,61931678,26825097510,4538752,61707040,328e1001-4de5-41c2-ae36-4a28b5777f61,864b8133-18f2-45fe-8f0c-1fd3d0ddf01e,episode
310320250,61830831,11855197474,4546253,61931684,8aa4db2d-f509-4e70-9a5f-625e78995ee5,6e7d9fb0-0307-4ba6-b8bc-affd22cc2149,baby
310320498,61931746,29896199194,4503200,61931772,d5eda388-badf-44f1-8c76-bae2eae92a9a,356bf738-2336-45a5-ae80-b86d11d0335d,bever
310320536,61931775,22927698963,4541089,61931779,040f20d5-3fc7-4c8e-9d64-ab48dabd488b,4ef521f0-6eec-4fa0-a20e-234a5dd271d9,delegasjon
310320587,61931801,12878299904,4537568,61931806,08219d28-8984-43d6-b574-c54e0aa5f073,4c93125f-47af-4640-b7e6-e0ae6c665a21,forsikring
310320617,61931807,03904996938,4569180,61931811,1d1278ec-3512-4a36-b12c-9e386557a077,de2a9dbe-4924-46b5-bece-f77c7aae6cba,bevilling
310320641,61931813,11875998961,4529281,61931823,62a762d4-72b6-40db-9db6-03e90bde4bfa,d9233e32-928d-4215-a91a-761f1ffee891,alder
310320730,61931837,05826996570,4516619,61767199,2d34ee46-fad9-432f-9009-ae13f1860130,aa5869e1-86b0-4240-9c3f-13813fc6c1c7,avgrunn
310320862,61931873,15865798048,4565468,61931881,8145c88f-6c39-4179-b791-195ba4522da6,dc7bd0a2-8835-4c19-8221-7f9f493776a2,avokado
310320900,61931885,07878297584,4560985,61931890,1b6dd76f-b2db-4dea-a88b-53dcee490573,a13f9df8-e9a4-49d1-9833-13ef9eb42f95,blåveis
310320978,61829924,26917198844,4505091,61931910,4ec63135-50f4-445f-8c1b-ba8b5337c315,c7dd8c1b-9873-48e0-80f4-3f85b955ea74,dagbok
310321052,61931925,03886599373,4541326,61931929,d1ca6d18-fe84-4f60-b24e-032efd99489c,1c6bb781-8b89-4a78-b8b2-0e56c28e546d,ungdom
310321109,61931940,04876496769,4546803,61931946,f8f58440-d613-4708-b103-cf729ee3cb03,35c2bbb7-2a2f-405b-94d5-3d77e267cca7,reke
310321214,61745324,11928299610,4566321,61931964,899f6fa5-e9c6-4285-9e26-ae402f008ab4,a26bfd86-1fe0-4782-9734-09f24d1a27bc,familie
310321222,61931962,07817699752,4520394,61931968,744f886c-6e54-478b-b3cc-a618b6f5aa8a,8a7b1aa1-24d8-4b8e-b8eb-03aeae5deb75,timeplan
310321273,61931978,12885499528,4531432,61931986,1ea735da-36cc-438e-a51f-b62f8f119699,7abc21c4-f659-4cde-93ae-8523f997fed9,kabin
310321338,61931993,24926799475,4557134,61931998,ef4fe4d3-3542-4f6f-91df-ef2d133b143b,b65d1bb1-6de5-4587-ac46-7a43c93b4779,pianist
310321451,61932025,25897397369,4563148,61932030,9dfa5a01-bd90-4b67-a721-fffb65897836,f101c8b2-69dc-4246-90f1-ce5595eeb90e,adressat
310321478,61932028,14916798106,4535670,61932036,06d4c3bf-bfcd-4b04-9210-08430efc8f3c,cf2b8c8b-e721-4e0b-8763-fec6959be719,kaiman
310321540,61932050,13896996937,4547329,61932054,8fac27ff-2650-4b3b-99a6-8501b54cb8d2,2e4ae2b4-a368-4d25-888f-c4608bd04d97,forventning
310321621,61932077,19854298758,4502992,61932080,0bccace9-8214-4644-aa1a-bbc67b9ab0c2,5004d362-8ffa-4e93-94d2-044bca6874f8,fossekall
310321656,61932081,17919699213,4502526,61932089,a934dd8a-2e22-409c-9e64-29271ec52a95,6b6573ec-c9bc-4256-ba5f-2bc43fb68420,fisk
310321761,61932117,13826097218,4537484,61932121,fba6cc07-2352-425c-8f93-c3a4ffa479ff,7214b0d1-95ef-4993-a118-624f7b87c5a0,konferanse
310321834,61932129,11877797769,4557886,61932131,dbf63adf-e3bc-422f-b013-1a4993ec1dab,6afcdc8f-27a8-413a-8d72-fc97fed5d21f,etat
310321923,61932151,04856093668,4566967,61932160,229c5e19-646f-484d-b6ac-a05e4c2a8fad,2c9e0867-7a8a-4987-a06c-fd0436b53612,bjørnebær
310322229,61932236,05914499544,4550522,61932240,61f3214c-dd01-4200-abd1-95966720a1fd,9c455979-e3d6-4462-b05c-1e9be10b801f,pioner
310322296,61932245,05868696887,4502277,61932248,edb797ad-3bcd-4f53-98d3-a36712db608b,940dfb13-a2b0-44e3-8e63-36f8f1ff83c5,robåt
310322350,61932257,25878398524,4560122,61932259,928a8044-ca88-4baf-b4b1-33b75fdbf020,fd72afc6-a837-4ad6-a004-a962bf852a44,karies
310322369,61932258,24925998504,4542462,61932263,d9d07f96-2df0-4727-a49d-92939073994d,0d9f4c0c-9c6a-4221-99db-1c98757d4c5f,admiral
310322474,61932280,12916899538,4504185,61932288,7be1d061-448e-468a-bf08-46cd3417e59c,109e4a62-877d-49ff-ba62-cdbd7a75d7f0,omtale
310322822,61932368,02825797559,4510613,61895264,bcbba625-c3ae-43a8-aac3-d8b3c505c46b,2268aefc-5c96-4017-8134-b97984a8d6c4,kaktus
310322830,61932371,12836599517,4563653,61932373,fd3beec5-451c-4e0c-8c36-303e331cec76,0c182dda-716b-45cb-abb3-df67dd6c6183,natur
310322873,61932378,16856297903,4540217,61932382,bf8b47b5-76e2-4f90-b89a-753a8559f92b,544dc23c-3321-4e01-a153-37bb2aae0ad9,labyrint
310322881,61825394,18867699399,4560152,61932388,e625efc4-7220-4451-bffd-964bcc8f53a3,ccf4e4ca-af61-4d2d-b3e1-3ec741c3133c,logaritme
310322903,61932385,05927198853,4559474,61932394,356fdd35-39e7-41c6-90f7-fd0a5da401e8,c7aee17e-fe8d-4cf8-9cde-57c3a25bf8c2,gitar
310322938,61932392,22847499595,4504396,61870793,f18caacd-f666-4fb8-8afc-af90230e0b22,c8961d9a-55de-4607-a262-0beeab213ce8,kornsort
310323012,61932412,28857996870,4537087,61932416,d9a84d40-424f-4fe7-8874-c513ead12074,1a63ec02-2598-4f3d-ba2c-843b2a0f5f9a,silhuett
310323020,61932413,08856896537,4540303,61932419,13586a79-b25b-4561-b3f8-6850f869a55c,9fba954a-718d-4463-abac-d7cf2ce1e496,koloni
310323179,61932454,18887299567,4501888,61932467,532175a0-0ddd-4b4f-908f-d7e8e938499b,0fd5e717-1b84-4006-a6a7-ac74853af4bb,klang
310323225,61932471,30887399375,4554995,61932477,3dc3365b-1f97-414f-9b00-e2dff8fae546,62f33d87-2f02-451a-a88d-c8fc4d6f6e35,kantarell
310323373,61932515,10907399937,4527856,61932524,3fba2d12-c725-49bd-bb19-611adbb7dc9e,67657f4d-110e-43ef-b26a-007d38aef945,aldring
310323403,61932529,08836097212,4506015,61932532,9bfe9a90-dd8e-4eb9-abcd-a197cfc9db38,7d4dca15-9f9e-4078-942c-58afedc1b5dc,klemme
310323519,61932555,27863948997,4569862,61932563,38a87040-0cf0-4af9-8121-8a9221709ff1,c2f5c9af-13cb-443d-b3ce-9683e5fd0d50,kalddusj
310323578,61932571,19839797071,4545864,61932578,e73ab95f-6049-4201-a371-b12fcef06e72,7f05782a-352f-496f-ba69-2b15ebcc2ee7,legg
310323616,61932586,08816997543,4502986,61728292,29512916-2dfd-4771-a259-2ce97801248e,f58452ce-7594-4e48-9ab3-20e4976ad84b,journalist
310323993,61932697,18925897937,4560528,61932701,196f0b18-197a-4743-b139-8c7134da4121,1f2c1cd1-6df4-41cf-9ff2-544a2328bc54,potet
310324051,61932710,04854997349,4549485,61932722,fadb1c0f-8536-456c-ae0f-ec1da1c93b62,78f25108-aaee-491c-bc95-66ea2d729c4d,mann
310324108,61932728,12845595990,4566932,61787942,7d4782f7-1034-4100-bf0b-312ee6789272,da6a0ed4-6133-4661-a4d4-72fdc92f67c6,svamp
310324213,61932757,11889797624,4529544,61932762,8a737930-e0bf-4859-8aa7-96e13d275bb9,3cceb08e-2135-4918-b09a-776d7c6a9653,diamant
310324302,61932786,03885999157,4569225,61932791,889cb09a-bb1a-4179-b540-93a24b8b8f4d,7170a3d5-7cc6-461d-a8b4-d16419f3a01b,toppskarv
310324450,61932836,29854697909,4540526,61932840,34035d05-8206-4b52-8da8-e619d5e0a55f,09599f57-1f10-4bff-af1d-abc51ab0d6d8,pappa
310324485,61820894,03915398528,4514048,61932844,1409df8d-2e8d-4372-b581-24801f6906b2,133817f8-e047-4434-ba3c-4118e014f56e,doktorgrad
310324744,61932914,03884797348,4554699,61932918,d526959e-a156-45b9-bbdc-19d9793f660b,848c76cd-321e-4a79-a601-5212c1e9016c,dam
310325090,61933008,15917696575,4563382,61933011,2ad6c997-0a42-4c8b-8f7d-c73c3e6fe79d,48d6ace5-86b8-42b4-9865-49e07087f590,kalddusj
310325104,61933009,04817298988,4552372,61751765,b7350226-4b1a-4c8b-abe9-3996bc80f927,a475bbc5-e1e2-4c7a-b695-02a74e3fd51d,gran
310325120,61933013,27909798693,4558119,61933018,f208b352-13ac-48da-9182-80835274a840,338427e2-4f98-4d6a-9c28-11bd29a02377,bakkerekord
310325252,61933044,23916898916,4554041,61933056,69ac5b56-453d-45ee-b915-fc79c5ed6f5d,899dd577-2527-4c46-a181-0a1caebd9b7b,familiebarnehage
310325260,61933051,13873549941,4544604,61859099,5d556e29-0dbc-42aa-8e05-02dddc33e186,f4349163-00aa-48bf-8bce-006d8283e3fa,oldemor
310325503,61933101,22824697985,4558698,61736472,4d83a27d-e59b-4013-b0d1-40222a1ee501,bd7cec56-88ba-498a-ba8d-be5988369540,flyttelass
310325546,61933107,02876397997,4511491,61704744,5dc1f673-c692-4cc3-ac76-7e2ce6a19bf1,47805b22-edd8-41c1-b3d1-acebec2285a5,adressat
310325619,61933137,22874899120,4561495,61933141,07f8dca6-bf86-4a04-b2e9-6f1e64d3c6ac,0d1f5b90-b4cf-46ef-a4f6-5e3d310eb27d,klokke
310325708,61933169,04903248748,4548321,61933188,21810f75-803f-4dd7-be46-4dd103338aef,71a188e2-1f4d-48bc-bb6d-be177e6e306f,logg
310325880,61933226,10889699332,4527602,61877754,d1f09b63-17c3-481c-9f05-ff9494ee225b,4f0d8650-98a5-4a7d-93a1-10d032dc772c,bakepulver
310326313,61933337,01817897769,4503126,61933341,d72a9619-67ec-4bce-bed7-c8482cfb4d37,a4bf11d5-b79e-4dfa-aa61-50cc9f9ecbdd,allergi
310326410,61933355,09827297493,4558468,61933359,e3b756c3-680d-49cc-9c38-561e1a51ab73,eba174bd-dd97-4be1-bfab-72b6e9b49562,farge
310326453,61933363,09846198137,4557453,61801966,9b19fa51-69a7-404e-8727-caa97ffb9041,14467371-720a-4165-a1a0-74dcdfeeb813,elg
310326488,61841739,08886896345,4569985,61933371,d1e9e45e-8052-48ec-a9de-b72ac4db2753,dc43c03c-7b80-42b8-92a0-d6ff2b6a4f06,leveregel
310326542,61933377,03825998313,4564691,61788616,486953be-20e3-4c5d-9d39-f7f0c7487b29,d683c722-932e-4de3-9faf-fc4cef7590fa,matvare
310326801,61933452,22817797486,4542662,61933456,7b09991a-a94c-4922-a877-269702dd5149,5802ded7-419d-45cd-a180-c66885f22431,ambassadesekretær
310327123,61842854,04866795504,4569347,61729661,fb548483-4c1a-4c4f-a044-77a1e45039b1,fb54ba08-2fa7-4eef-8c5e-4ec45fbbf826,lov
310327255,61933555,13908398402,4504435,61933559,07553417-de58-43a2-958e-96c53d34f602,254f4a52-137f-4dad-82cd-777a3f060ac3,kunde
310327301,61933567,19826299951,4505078,61933579,07bb523a-d1b5-452b-95a0-f7eecc80e362,6e603630-6d66-41b3-89b4-33e397ddd610,magesekk
310327409,61933606,27848197373,4564261,61933612,eaf16e05-91ad-4d32-879a-201288b05316,cad3eb97-d743-4bb1-bf73-983f7ee4c745,duell
310327581,61933655,24927299166,4556199,61933662,67ac9293-b197-4545-9583-dfbf725d411f,98c41364-c4d9-4dc9-87ab-e2cafb08a44f,bakkeklaring
310327719,61933689,19917899196,4541324,61797040,5aee57c0-dc62-4a58-af3d-bd8b93bd27b3,6e695f9f-5981-4884-a5cf-b3ed307cf6c6,ambassadesekretær
310327808,61933712,17916798385,4539187,61714741,da1ae398-61b1-4f99-b58b-0e851e41005c,41a4d1bb-87d2-4aff-bc75-e376020cdc16,bestemor
310327824,61825357,28918898362,4569064,61933718,4efe7f3d-cc5c-49c7-b500-2327d16d789a,a106e609-1f8c-4a34-8754-15094fea5f07,takke
310327840,61933716,03845297745,4564161,61933722,24613293-da05-42fc-bb5d-84460bfc019a,77543f21-159f-4fc7-a1fb-b443b20ceee5,frihet
310327883,61933736,29916798758,4554097,61933740,b4957768-5853-4bec-b2f8-c76c75461e6f,b536f721-cfb3-421f-9805-9b759d9cbe6b,klut
310327905,61933738,31925196781,4537870,61933745,75493223-281c-4a7f-a076-99b80d7eb320,ba14e3dd-2088-4496-a35e-a704747c4bd9,liggestol
310327921,61933742,08858398771,4566081,61933748,71fa30af-3db9-4cbf-ba71-0f4cf1829f75,84456f47-7448-4bc0-b60d-dea6d94d1afe,folk
310328286,61933837,02896099925,4542276,61933843,3343376a-63e2-425f-840c-e51b92113a36,0a47cd2c-fdf9-4871-9b55-a06bbb58a7a4,bruksrett
310328294,61834238,12887498367,4542492,61933841,2938ef58-33af-402d-b59b-292058ad4e3d,5dc42cd2-74ee-467a-9628-4488a1e01f7a,førstemann
310328324,61933847,13859998105,4533002,61933854,bda5ac20-15de-407b-b8b3-0c45ea824202,3cb0464d-a4b1-4729-b325-d030c3b76fd9,bokhandel
310328383,61933864,08892649171,4564297,61933876,a4193da6-79a6-4ee4-8ac6-7bb536434de9,a9f1fa38-52e0-4ff0-81ab-c94e073912b6,svigersønn
310328391,61933863,17836498798,4502996,61933875,0a032d7c-9275-422d-92fe-698523857bcb,888ea612-d7c0-4a8f-835c-cdb0834c7a23,lov
310328502,61933891,27827099355,4555252,61933897,6c3dbf84-2155-4314-9327-1c2a3197efee,220cc1a4-8417-4f64-8c79-d026e1094612,satire
310328537,61933895,14826799375,4547600,61933902,feb73b5d-f373-4e39-8663-245e7d8f2684,4b6b0637-95ea-480c-8fab-6ae768066266,desember
310328774,61933963,25825799942,4540653,61933969,014da801-ff40-4147-a244-4a22de010f23,7fbf2911-8c78-4e97-b607-579afd9690ed,fjord
310328812,61933973,01875799157,4553511,61933982,cd696dd6-f72f-4787-8de4-39d726f9ffc1,f7a688bb-e81b-431c-ab30-54898d4bca10,konjunksjon
310329126,61934039,03836499726,4543745,61801080,f9126451-d4cc-45c5-ada9-afdb0337976b,1dbd8433-43f2-4b05-95a3-719fdf37fe65,kalender
310329487,61934142,04907399589,4542003,61775501,2136a65f-6fe9-4e8c-a418-29d899d8a468,020dcae3-765a-4a9a-a103-1d43e7c9a4d1,bakgrunn
310329509,61934147,01827698934,4508713,61934151,32255abb-d0d8-463b-96a7-673ee782cae8,4968e934-e91f-47a8-b538-dc44798bbd37,bensinstasjon
310329630,61934185,20815599773,4561285,61934190,f0009ef7-eb71-4d5a-87cf-6a962c036f15,42972546-0965-4713-af30-a35e3922e743,konge
310329738,61934203,25905497947,4558318,61934207,e6a563ed-b3fd-4add-811c-84ae1e141410,55e65f78-4d20-4331-968c-8f1c389434a5,granne
310329894,61934242,09917095903,4558299,61934246,120dbaf1-6329-43a4-a8d9-593bf493e9ad,8341bba8-2c6d-44ea-9f41-22455f29c738,kaie
310329924,61934245,09816299567,4550588,61712927,78c6234e-11b3-4fcf-81bf-dc9f2918be32,1782d385-69e0-4b7a-8903-a35be99c77f1,bygning
310330051,61934283,04835896310,4546106,61793467,34bd4b25-2a89-43e2-97f3-0f43f623adb4,e924aa72-0aa9-4967-98c7-436c233629d0,pute
310330183,61934310,16828398109,4565470,61934316,be71b78b-7e03-4934-9640-083144ce450f,38bbe461-4d91-4b1c-aed7-963be3ada8eb,agg
310330302,61934350,17917697175,4558930,61934357,9962dc45-60a5-4696-bc12-b5f0c292936e,430d2133-25d4-4300-acba-88caffdefda2,medisterdeig
310330329,61934351,10828298920,4526600,61934359,8c22ba1e-3704-4850-80cd-052d8084bb02,dffda1a2-207b-4b8a-90cd-a04320105e65,eggeplomme
310330337,61934352,09848297582,4506353,61934361,875420c4-14fa-4c50-8f1c-7a36536d045c,f99f1e8b-6ddc-44e4-b5e6-4bfa32fe0d1c,hybelkanin
310330515,61934408,29884896965,4540325,61934415,065fb631-3316-44f2-8f04-e0ad4f6aa2c9,04bbd65c-7c2b-4c69-ace1-aa97745be414,stasjonsvogn
310330620,61934439,16835099974,4564548,61934443,46033c50-4ea8-4a94-a1f1-3151958d9fd1,2e5c760d-476f-44c6-aac1-3782f2e87e6f,genser
310330671,61934446,20826495910,4548812,61852385,2d89c30a-97c9-4a08-a7e1-83ea20e3fe2c,5d3b8c95-03f4-4840-be02-ca5d1dddb655,marg
310330728,61934462,27875498377,4554544,61934473,87506e94-823f-41f8-b059-2c95a0716da8,02c3e903-123f-4225-82bc-cca8d68b2902,netthinne
310330787,61934481,25859899512,4557964,61934488,2755e460-5c26-41fb-8b8d-50e46fb527d7,3e0b5b1b-3e73-4740-8454-83e0086f9ef8,netthinne
310330825,61934492,08828398378,4549989,61934495,1b6f45ed-0ac4-44c6-80f6-afa9e61eeb42,ade46e7f-a892-483a-9a80-2d6290f6f91a,fallskjerm
310330884,61934504,07925797663,4537381,61934507,e83cd38d-d78c-4619-8ce6-90571117e36e,e623b080-018b-45ae-9981-336003439601,grønnfink
310330892,61934506,14892549347,4560794,61934512,59d3ab35-509e-469c-8502-37dd85b84b95,5d96458c-9d67-45ff-afe2-030f269ccd08,grend
310330965,61934528,06850099519,4519012,61934533,bd5f72c0-47d1-479e-8d23-3b675b60caf8,aba9246d-72db-4317-9ee2-01c0a6aa7666,dykker
310331155,61934567,14836896824,4534449,61934574,fff4be57-a034-4f39-bc28-d2b34808f826,61983f75-715e-49da-8131-dd5626fc0f61,halvkule
310331236,61934582,12897496346,4504684,61934593,4f6c841d-05fd-4a5c-a645-868d15a4ad58,8567c669-f13c-44c5-a045-45d4d09b8234,kos
310331295,61934611,11816899127,4538219,61934618,c5bee617-87e7-49c5-be52-fe4db0a15443,635d0167-2273-4d69-9252-afedb9adf4d8,overgang
310331317,61934612,04834599800,4514691,61934615,5a16e2d6-6c20-49aa-bb49-dde9c7db0f6d,de7ea2cc-3d55-464d-a3c5-cf03c9e096b6,loddsnor
310331414,61934638,02847598770,4565002,61721767,1223a124-e571-434f-b480-f350e9ca1d9f,5a597722-747e-4182-8124-dcf71f4630b7,aktor
310331465,61934646,12816997176,4503183,61934653,2c7b69e4-1395-4633-b479-bffa22df479d,ad94f340-594c-4da4-bfe3-dcaf03924ff0,adapter
310331554,61826471,14929699700,4560632,61934673,fe7fc10d-86a2-448a-8237-30cbd8f188d5,d46a3e07-90e0-45fe-b34b-f0b3a0d616cf,bokhylle
310331627,61934694,31876599085,4547456,61934702,4546dcde-5c84-4ee1-9ea9-de386006091d,4562012c-698f-49e2-8b05-2ab18049a13e,pike
310331856,61934742,01887098979,4502477,61934745,4c70e19f-e0c7-4eca-aa7c-c69a8dca7d17,1f7c519a-9b9b-4d8b-b160-429e1ec999b3,aroma
310331872,61934744,13878699755,4543243,61934751,56abf2cd-9673-4fb7-a430-528dc8137a29,ac6a1ba5-af85-4e5e-998d-5bc1eb8bbd09,altmuligmann
310332038,61934779,12857499938,4555422,61817346,0098bb49-ecda-4034-8ad0-21a298ce3920,7755ae48-5529-428c-8897-7c573eb13f1a,karneval
310332062,61934790,25927297437,4568430,61934794,2746f911-490f-4887-9989-33c189c706de,afef6732-73e6-49f5-b946-f00cfeccb977,høydedrag
310332070,61934791,28857298936,4536263,61934795,56ecd2b7-fa40-4f67-b557-4b5616d9fb5d,4a105e68-c410-4899-a248-7c434e36c2dc,appetitt
310332100,61934798,18843346797,4552647,61934808,244dbae1-c25d-4b2a-9d69-555a51cac88c,3aff8a71-56d4-4226-a265-3aef847560f2,daddel
310332356,61934874,09827497182,4556856,61934879,e79f23d6-81c0-4d34-9c06-7c654cb1c657,5cdf0a26-cfef-4121-8315-4d123f5dffd2,assosiasjon
310332364,61934875,26908298399,4569037,61934880,b366c35b-2939-4e9b-99a3-351bcce959cd,bdffdcd8-f200-4d96-8320-327ceeb551a9,dagbot
310332402,61832688,03877799939,4513463,61934888,6c6e754d-fb1c-4be5-ad42-b7fd17034df1,b5fa868b-7adf-4769-ac28-1ea4264a419e,svane
310332526,61934906,31816698939,4548485,61934911,2908d73e-ff47-4104-a66c-ee143857aa64,81fc8eb3-c86a-4759-80db-82b1061384f5,idé
310332607,61934919,26847095708,4569625,61715351,45c6b37a-eb80-4659-80d3-dc60a734c418,cc4d814c-502c-49fc-a61f-a03b5e1a1eb8,idé
310332615,61934922,05876699968,4517433,61934925,f77359ee-ac1d-4400-92fc-9b7bb951f950,62dac179-bc22-4414-b4fc-1514b643faa3,mølle
310332704,61934948,01877998947,4505537,61934953,95152071-2cff-4e40-be8e-1029adf7b305,2550a407-ffca-45f0-84f2-6e9cb588cada,del
310332836,61934972,03845298105,4568410,61792884,485647a4-20d8-46f7-9919-4a56b934d8ab,9077fa47-0369-495b-87e1-5f14b98493c2,gulnebblom
310332887,61934984,23875697730,4564827,61934992,81c718c9-53b4-402f-879a-44fe0def1aa8,37354cf3-6bec-4249-a125-b3a927f7c321,gorilla
310333034,61935025,04915896702,4551341,61935028,0ecd3033-5304-4d13-b5b5-8bcd023ac741,828b413a-f03c-4468-bc0c-e345b92cae53,våghals
310333042,61935026,22900197946,4550142,61898092,7ca5a3a5-b5a2-4d7f-9649-a279288b5c21,8f132e7b-b26c-44f9-9f75-36337cef298b,fløy
310333077,61935036,02912649760,4554673,61935044,2695f150-1a92-49f0-b9bf-d6cb0827cd78,fb5ef8cc-b109-4197-a99f-da275959e74e,konglebit
310333247,61935081,20837097119,4539853,61935086,a6101d52-699f-49f3-b24d-62fcc0840559,ec6d5ac1-bf67-4c2f-a611-2ab979765c1e,doktor
310333263,61935083,27874797508,4538178,61935089,5dd6bd84-9a63-49b0-9727-4928852b5dfa,2aadb56c-f582-4b59-b582-f4d546d8431f,havsvale
310333301,61935090,14917798800,4535701,61935099,96695ed8-fb03-4c4a-bc18-f3689fff2903,cc9ada0a-6e5b-44e8-885f-d859a9f468af,lampett
310333344,61935101,30846297789,4569293,61935113,bf1d7398-5a83-4f53-81d0-715e13b1decf,844f8ba6-9a11-441c-ad2e-eea964dfbc4c,dagbok
310333468,61935132,02845799973,4510985,61935138,aac83560-fa30-4a3b-b82b-30ccb54dec2a,4e931773-815b-4704-8c4a-7bf93ca716b8,kokeplate
310333573,61935155,12827298385,4550873,61935159,441fd41e-258f-4894-ba6d-d574d894b002,f0c4e813-05a5-4ea4-bd27-13a50fd76b42,opphoping
310333581,61935156,16817099940,4538027,61935161,71cf9f9c-1ecc-4ca7-8784-3482b4b6271c,f8264b30-efc7-460c-b1f6-6f6d2660bf0f,bas
310333697,61754793,05835397159,4542196,61935186,5aebdb86-cca8-436d-8090-34e7bce36061,b0700801-877e-4cbf-b55a-1e6babbe9930,plyndring
310333840,61935219,23915697577,4556511,61935223,251a0f21-8f7f-4b9c-9956-4b9e2a507e22,4b1c1a82-6d59-4fec-98ef-c33e8fe90374,ekspeditør
310333859,61935224,18846197547,4547966,61935228,45f77fad-ede3-4faf-b40d-b160d05be969,8af9395e-7610-423e-807d-e4bf6e2fc045,natthegre
310333891,61843051,27916895300,4502042,61935235,4de7d0c9-c1bb-4865-b69a-7053bb47ce5a,bb33d163-3db7-4e4c-8e94-2d071968e833,olivenolje
310333972,61935256,13819596756,4565714,61935264,ac423dbb-a149-4046-812a-393e265c9c6f,b2238aa6-9730-490b-9051-277edb7321db,konjakk
310334030,61935274,17860097931,4565703,61935282,0734e7e6-cb31-4569-aefb-19dde0702b61,67d72639-3aa3-41c8-a8ff-5fa190a08393,ambassadesekretær
310334073,61935283,22818499977,4551665,61935286,a5432b70-df93-4b96-a27d-c08204e1373f,f5a39f1f-8280-4d1e-9972-17d1cac24cbf,bildekort
310334189,61920033,03855699558,4513079,61935315,7f68d1d8-27ea-41e9-a373-26f852c06181,6e15b2c9-c5df-4b17-84f0-92956eac5fb0,idé
310334278,61935340,03896895728,4570538,61935347,d62aee23-17b2-48c8-a18d-50d45c881c18,fd1ee2ec-9f02-4d6f-9e48-7c779ec53a27,linje
310334499,61935405,05854199260,4541281,61935408,7752504d-0872-44df-aa61-f0d1c34766ba,a7365c9e-231e-474d-8c43-0b4f5d34dfa5,guvernante
310334588,61935426,09915197989,4544051,61935431,3c060605-54d0-43c3-94d1-8a9f8f2aa2a4,36690b12-d3fd-4196-a389-adafc56c7248,alligator
310334642,61935440,12854599893,4543282,61935445,61f0785f-bfa2-4541-a0a1-6183fb2d5e47,c3ecea92-6b2e-499a-a4ae-7ab06e57153f,varedeklarasjon
310334715,61935469,24825898979,4543271,61711135,bb8e7614-cd9d-4c1c-9d9f-d39289b4af43,f2ba40d0-6f27-46e7-bcf8-72293148ad23,litteratur
310334804,61935491,28825497058,4561564,61935497,25ac4889-43fb-40cb-9e0d-d414463f892c,f16b71fd-75bc-419d-99b5-065a38889932,voks
310334820,61769739,02887797636,4505977,61935500,95ecce85-0047-4f90-b093-30fa6ca3ad28,8e31b2a7-a88a-4dba-b18d-75f6063686b8,entreprenør
310334898,61935516,11898198989,4529670,61935519,d7a44b37-f912-4128-a80c-fd132bc87234,85ad9740-9775-44ff-9dfe-b19f75503aae,ingeniør
310334936,61935525,06858599367,4549829,61935529,4b4089ca-0ff4-4d6b-bb51-ca647d361c81,4aecbd4d-def0-4d40-a383-4b93736b0deb,foxtrot
310334960,61935532,20908598084,4562259,61935536,3e5e730e-f374-4eaa-9982-aa0053da3da2,8fc44d5d-d003-4033-9f30-ad0cf3704691,gallauniform
310335290,61935602,24927397761,4550452,61767221,2560724c-df57-41ce-b8b4-83578a34d69c,7725edfd-ea2f-425b-822d-d5e9877a36ca,dyrlege
310335363,61935616,02875598875,4545874,61889944,95312da0-608e-4fbc-8492-72c7d4a0df98,b8b9c2c4-ab57-436c-9669-97bf81152518,matte
310335401,61935625,24819299508,4565028,61935634,825c0738-1440-447c-95fe-c0e9199821e8,f2da2d16-7097-435b-9f04-d9b750932a60,lenestol
310335436,61935631,01907295962,4541120,61935639,69b38189-9c9f-46b2-89e3-8c352979815d,338565c2-f7f6-43f4-802e-b50edff683d5,plante
310335452,61935638,01877299976,4540070,61935643,0b3f94e2-88ea-48be-b6ae-faac6bc8ed7c,25bad5f5-7f5e-434c-b84b-13198783f97e,torsk
310335460,61935645,22867397624,4542073,61935651,1099819a-7309-4f14-aa9a-9a620a654a56,25967c6e-c8fe-44db-b69f-c11c20145073,frokostblanding
310335606,61935679,27925199791,4554164,61935692,428feed5-538f-439f-9541-0c0d03e1ac54,8f38bfd6-c139-4155-b529-30317fd44be9,pose
310335916,61935773,21816399537,4563784,61935780,0ecba0b3-510d-4330-9a56-306d3e45a198,b01235f8-aa24-47f7-952a-08ea2795bf70,svale
310336017,61935803,22847195782,4544438,61935812,b40a090a-9d4b-445f-83a8-0601943d0cc1,6fbd38f3-b337-4b01-89e5-2bdc414069ea,geithams
310336130,61935847,26919498853,4543650,61935856,4771bb36-c22f-4110-b8a7-06e91df7f3e5,fd82fced-c693-4564-9ba0-447a7549661b,matematiker
310336173,61935867,30836096378,4542104,61935874,c6524c56-3343-4ba4-93eb-72862084f87c,37630c05-eed5-426d-8508-2e4e03a190a4,hai
310336211,61935869,19869198415,4542865,61935877,35bfde92-a43a-4ee0-9185-10855fcd165d,f47637cd-bd0a-4c40-9109-801a231e9320,akselerator
310336238,61935880,08886896779,4565047,61935885,2b30b15a-9b59-487a-958c-cd15c3f60ee9,459d1dd5-27ce-4869-b31d-8b5a228a4584,jaktterreng
310336335,61935902,06856199922,4547250,61935907,9ca1b10b-143a-4e40-a862-54814760a37a,09ac614e-2487-4637-914b-1f2fd566fb71,far
310336475,61935948,24837797191,4505087,61935954,2d3b4873-0a01-413c-baf7-49da5b33a25d,1e9c8096-0d43-4939-acbc-8213a3d84648,unge
310336513,61935958,25885598733,4563081,61935960,0e89c0f6-4ea1-4185-8145-2479e5fc2b88,a145c35b-e7eb-41ce-b844-c93eeeab0b60,dal
310336645,61935999,08845298948,4522794,61936005,4e3ee552-dfae-47ee-8932-52744e0f20eb,2a6df6aa-9b10-4753-a958-375c101fa37d,opportunist
310336718,61936010,10916096122,4552074,61936015,a96848b9-496e-437a-8233-942507f200fd,f058db72-817b-403c-afe0-efbedfc4baae,vestibyle
310336858,61936037,13817596961,4560832,61936053,f4b5f4f5-0b3c-46df-a877-6cc581fadac3,a793a2e0-3b22-4ae2-9e35-8a29defe5d2d,dompap
310336939,61936072,18855894730,4546942,61936076,13c75cf3-98e9-4089-8c48-2ef0dc82e195,9cfcc3b5-9c18-4e34-bfea-ff501afd56f2,puddel
310336947,61936073,03855299746,4549530,61736075,77177425-3bcf-4bb1-9f34-87141ea7ebb3,68f485b7-54d1-4f34-8f48-7ce97ba8c0da,terskel
310336955,61936074,20896895339,4556067,61936081,9be8f717-bffb-4d85-af81-22d6a725875e,d2825445-6526-4960-b3fc-aa57b7ab029f,jakt
310337145,61936127,04908299596,4515949,61936131,003b2ff1-4bd4-43a4-bb3d-0c8447187116,d98d545b-5251-498e-8501-b1397ee181ba,kål
310337153,61936132,09854999335,4525023,61936134,c8e3122c-5486-4e80-83c9-67928adb07b9,285c63bb-a5da-4f07-b923-6e0ccace84b2,delmengde
310337161,61936133,23906097923,4558855,61936139,4eac29ae-76a7-4afb-a082-31c9ab96dc81,d65fd531-0d90-4379-bcf0-dfad0b298707,bank
310337242,61936147,27862746916,4541778,61936150,ccc4c87c-16c0-4388-95ba-c05a5079a39c,e797d93a-ec8a-42af-8762-d0f042873c77,meter
310337331,61936168,23909899109,4556126,61936177,af8b501d-1bc8-4e7f-bd9c-2d240071a80b,cb151d25-36f8-4d1a-a803-3aded2c7311e,karies
310337609,61936245,17847898941,4540064,61936248,81433e11-4c0c-4662-a258-93185606e139,e59e77d9-7572-4192-8f29-c009cfe3c254,omelett
310337773,61936287,15888099112,4558020,61936289,dd486276-aaa6-4e8a-b4e5-7a3a0580c36c,50a2c63b-f046-4ea6-8164-de7c31bcf326,mormor
310337889,61936308,25866097146,4556173,61936314,fc1b0633-e835-4357-afbc-7d14d044f08e,2544f60b-6cd7-40ee-9bb9-ecba396ee35b,oppslutning
310337951,61748602,04876298142,4569439,61890287,a03319ce-7a88-40aa-9740-15a71326bf14,1d025441-1f75-432c-bf1b-91586eeb553b,kornsort
310337978,61936325,07840099800,4520762,61936327,ba543395-2bd5-48ea-b09f-2b7c4860c200,338d12d2-3ffd-4fc1-895a-c616af3e6d1c,deklarasjon
310338001,61936331,03827599432,4557988,61848140,59e7aa1c-ab4f-4e97-8459-33402267df86,fe6f54de-cf4f-4a2c-bcd6-660394f8cb3b,apanasje
310338079,61936347,29919498194,4564562,61936359,1adbae74-a3ea-4f86-aba2-077e3a570479,ce58bf5a-5001-4fce-ac8e-b88755474838,maktperson
310338109,61843313,23816499879,4543084,61936363,9f12ea77-94ba-429a-85c4-a46188741087,642b079c-9dda-49a8-a8c2-79cea6cd22da,hunkatt
310338117,61742491,12886398318,4561734,61936370,0d7be1b6-48de-41b3-9eab-5ccaa2906c60,876712ec-3877-4d54-9743-888dd79d706b,klovn
310338133,61834694,22893448997,4545337,61936376,f0260831-5eb5-4ecd-a8d9-034a057cb394,266f0758-6b24-4532-871e-848e1e3a35bb,faktura
310338265,61936409,15916797785,4566044,61936413,9ae8dfdc-3b6b-491a-9e69-1412bcaae02c,0d134d08-bb8e-4401-82f9-08cc36047861,bu
310338346,61936426,14919599538,4555283,61936445,e1495328-92d1-4ce4-869a-377f1aeedc80,066282e5-fff1-4151-897d-a9a3ab7ef7fb,leveregel
310338362,61936438,28819397483,4536902,61936450,454f5a16-b123-4d0b-a35b-73441d12ef6d,4123b223-a76d-4be5-8d0d-106a5e88f6dc,gardin
310338451,61936472,22844199558,4555272,61936479,32bd1cb0-abb9-462f-b715-2a4ebd9b3197,129a551e-68b8-4b77-8a9f-9dd30f6be53d,trakt
310338516,61936484,01845798989,4509006,61936487,8abd3bc8-9c83-422d-b88f-3920c94b5fe6,82642f3a-a480-4f9e-9d87-600c6037a35e,plate
310338524,61936485,10856496541,4544678,61869536,4d4bcaa0-d082-48fe-a918-9470e65217b4,dd1abf58-190b-4038-a805-866b5349edb5,frihet
310338672,61742758,08885898166,4569718,61936535,4ca5fadb-06e0-4ddc-a0d2-03e0702dbcbf,0d48cf32-e264-4be3-ab1b-a4ca834112fb,månerakett
310338753,61936564,01897399543,4505435,61936569,a9cfb548-978f-4bc4-a322-e81b65fd5246,d62392f4-061f-418a-b700-9931eba3653a,infeksjon
310339075,61936666,16849996383,4504852,61936670,d24204e9-afff-4077-a695-2a6275ba1dc9,dd1019ce-78ac-4519-a5db-8cba08857f84,stasjon
310339113,61936669,08875497732,4559030,61936675,ac6fc640-cab5-48da-be7b-613029b7dd5a,c15f3eef-1252-4b0a-b3ec-48a4bf89a2f3,blomsterplante
310339156,61936678,23855799510,4557477,61814303,2c5ca755-fcc1-4eed-a86f-ec6add3b83bb,75098c06-5b74-4fe6-82a7-f2485e093995,alkymist
310339210,61936692,12885796190,4541223,61818431,6c30e5f3-d78f-4a63-86ec-d693e85bf9d3,09d0a7e7-e055-4f35-bf7a-ddeb5ab9b0f1,system
310339245,61936698,06906197748,4550357,61936704,13ce7c6d-d9e1-4507-a0b6-419ba9aa27d8,43ae1d2c-dfd1-4d6c-b947-839ccb391be5,ball
310339334,61936719,05923148746,4566777,61936724,0ae5c6f9-9a6e-4ca1-beba-7ff1252338f5,df1e8e4e-0396-4aca-8871-efce472bc896,motvind
310339504,61821365,05825499786,4516570,61936763,7fc1a563-e012-4453-a807-c5b37492ce71,0a6fca5e-b79c-4b03-a305-eae7c00c86d8,harpe
310339598,61936776,21845096721,4565587,61936782,87ee937c-4825-4d7f-8a3a-dab19e03563c,ddb2b555-e89f-494f-bb02-65e0d4358cfb,bensin
310339865,61936841,26925298122,4567310,61936849,82ca4930-bc53-40a6-84dd-72bb2d67f36f,56cebc37-0f41-49d3-961d-502497462b95,asterisk
310340049,61936883,13856098596,4548780,61936888,6e996d2c-b5ce-4658-b0c8-310731f681c1,50bb7ae1-4d08-4f12-a29b-1ddd995e1f01,heldiggris
310340189,61936911,18884898966,4566307,61927006,f447d539-a901-4f56-890c-7f3f49793114,0deae277-817f-4322-af0c-8148690f3386,kvinne
310340480,61936998,20846698575,4504492,61937004,2d1cee9b-6d5c-4654-9ea9-115c85705e65,af2795a8-6c13-4901-81e7-d4161c7f307d,kelner
310340650,61937037,02917699200,4549652,61937041,85dd3c2e-358d-48b3-a856-0c7047a63a9b,088a0514-bc1f-485f-b70b-f743a7a267c6,klang
310340669,61937039,24874896728,4540811,61937044,c1519798-ccb7-4630-b181-cc084edd727f,a385ba3b-6cc5-4410-9206-d57165805e2b,jakke
310340685,61937042,19839999529,4541570,61937048,33b2b0ca-232a-4788-9455-d211d89007c7,6664672d-d401-427c-98b0-b7248c71cd8f,syre
310340723,61937052,05886997819,4568278,61937059,cfb3823e-8ec6-46f9-b884-a34ddee4c957,7da38a93-2895-4b82-ac1e-73f7d579b8ba,tevling
310340847,61937088,23927799545,4550318,61937094,b463dec6-ecbd-4bcc-93c0-d53d9aa61a6a,7f42c8af-ef8b-4ae8-9122-f56aa27d7695,dugnad
310340871,61937095,13846299755,4539206,61937102,9c0036ab-f816-40da-b96e-65b1fd02857e,cc137cfe-8761-4333-ba64-f16250d99a2a,aktivitet
310340928,61937107,01876697234,4544525,61937112,4054cf01-b35b-49d6-aef4-318505fa900a,0509a5aa-a87e-40de-9ec9-9288d120bd73,knute
310340952,61937120,20874999173,4559883,61935242,bbda3d90-7588-4b55-ae0f-7b68466c7350,adee8d80-8aab-4a70-bda8-083443f87512,guvernante
310340960,61937121,04829899138,4514648,61937126,fb96eb68-73d3-444d-a5ad-a9804c54aa16,87765989-f0cd-4446-a2dd-6ff45501bdb4,bygning
310341053,61937143,20886099232,4547943,61937150,de3df5fe-12e8-45a8-a21d-77baff8da38f,bf6c8641-2e08-403d-8863-468fe63e4266,gjerde
310341061,61937142,13864797339,4541486,61921763,4bd31b20-b77a-4d50-945e-8fbf4a43ba92,46f8d7ea-d8e4-41bd-89b6-c7421bc05511,linjal
310341096,61937153,04904299907,4515831,61852919,9e58d186-fb8c-48cf-a911-f37308e91a1e,2f996eac-c0e5-4271-aab0-3707668fb631,magesekk
310341150,61937170,08859697373,4523074,61937180,47e28ce2-7313-46d7-9507-295f7bbdf086,ad1ed3e0-5a16-4a42-8afd-77cdb60cfbfe,sko
310341479,61937254,31903748586,4561922,61937260,1a8855e0-8afc-40c3-bf8c-4a185605eb72,eb300fec-7cfa-4813-a866-3c7df3f17744,rekkefølge
310341509,61937257,14825998323,4504906,61937269,c678c226-5d90-4a69-a3c8-cbeadacccd8f,f4f81810-e0d8-405d-a2cc-8439c179faa1,barista
310341533,61937275,05859296337,4548576,61937279,7ca0b3cd-108b-48e2-ab95-d7d96bdcd722,dd350391-46e6-402b-8687-491dc2b986ad,mandel
310341711,61937321,18906397729,4537229,61937325,18b0b431-e7e8-4eca-be3d-ecdaffaf7bea,658f6d6f-f58f-4023-8808-5a1b27819b29,husbåt
310341738,61842084,26849198660,4548563,61937329,6acc4601-258b-49b5-b7c0-1d242ac016bf,0b522ad7-ff3c-4456-9752-94378f40fe74,indrefilet
310341754,61937323,03906898631,4554221,61937331,9f52c962-6a19-46a6-8076-a21be33a0647,7b7bf99d-1ac5-4a4d-a98f-0d7410d2f572,brann
310341916,61937383,04825298911,4537823,61937389,f3e93f24-9c8d-48d1-86a6-e4e40cb8928b,b122bdf8-84b8-496f-9e12-1e79df7d8a2e,reise
310342017,61937412,20864899758,4570839,61937419,76873ec7-3698-4f5a-bdb5-93dfdf801129,9585fa69-aa66-4338-9595-522d6876fa44,formue
310342033,61937415,19916099897,4561588,61937423,ab13c61a-75bc-4362-b070-ab838a43f6ba,e07282e9-378e-4a5f-8ab0-64816d6ca3b6,sete
310342483,61937529,27886399591,4542594,61930942,77b76f0d-f0fa-4101-b948-e6797388be75,37f1c30d-98a0-4ed2-ab20-087e216fc534,hingst
310342599,61937549,27899398772,4569408,61937554,5fca5173-495b-4b43-90f5-f8b86703456a,ff348c5b-91cf-4da3-83d1-cf0b2261a80c,nestleder
310342769,61937603,16852748765,4555208,61714187,e341f1b1-5bd8-40e2-b578-8db7cf90ed47,59fb7187-f220-4987-bf72-8657af6e5ec0,kreps
310342777,61937608,20845498343,4560668,61937613,0f44c99a-70a1-41dd-b1ef-606d7da163c3,e3d1c8e3-3a82-4aa9-a0ae-7b7f0aa7ac59,linselus
310342866,61937644,21909198582,4560657,61937650,15ec5e29-b39e-439a-af71-b21abb6ea223,27eaa6e4-5ec3-46c5-8355-80f52aba242d,fabrikkpipe
310343013,61937675,13812848970,4532172,61937680,2a7babee-8ac6-4388-a85f-77dc2cce1cad,126e4e48-1f6f-422b-8346-3f55d885ff0a,kunde
310343056,61937686,21906198921,4567939,61793691,1a73ab89-487b-42bb-adda-53622eca44f6,8d52040c-771f-4660-8a51-052765882e80,industri
310343072,61937687,26859699196,4504743,61937692,5d064153-6ac6-44c1-a7be-b50097967959,582c3ea3-f04b-466c-81ad-eddd669a8480,pyramide
310343269,61937732,03819499720,4512521,61937735,527543b7-aba7-464c-acdd-d0270661f8e9,b52f44bf-4193-4a12-8c0c-cf48db437859,feber
310343293,61937740,05925298656,4559868,61937750,083a920c-8fef-465f-8b75-924dca4e5f01,24719134-de47-4562-8362-243ee327c71a,fasade
310343498,61937801,20853649512,4551018,61937808,0faa5986-a228-4283-920f-314a99db0101,9a9896e6-a66a-437b-ba76-fd6382d9aef9,bacon
310343595,61839722,25859599721,4539935,61873583,71a12179-0d85-4051-ab64-081d76312aed,4eb47733-9e81-4dae-a0e6-b8a246a2792a,faste
310343633,61937835,29815999345,4551972,61704508,b2b49e36-6d20-4708-8412-9e2cb65a5d28,94f0b356-c7cc-4e52-8e95-24b50251629a,ord
310343919,61937885,28886997525,4539917,61937889,77e94d19-da1f-4c46-867e-4ceb58092f5c,9e35485d-d437-454c-a545-075e4e9992cb,diva
310344001,61937908,16864699336,4549995,61937913,e072a646-b1e0-4cde-a890-c95d32c0f05e,b08eea2d-1b80-423c-96fa-fbf4929835bf,pendel
310344249,61937983,19929397137,4561565,61937986,347cf65d-bf44-4f16-807e-cfbb389b50ac,c29afa42-da74-4711-9aa4-124deea0679c,brudekjole
310344419,61938024,10885498766,4568480,61938033,6b53f174-7d8b-4c17-90c6-04c16b14599a,3d6ff0ac-7be4-495b-9309-187cbbfe5859,minibank
310344435,61938037,08888298216,4556844,61938041,4775d432-2834-4449-8367-1b34480f3112,9e487980-866b-4771-9a15-a0f5b9d1afa7,township
310344478,61938040,03886198182,4566658,61938044,144697f0-9c5d-45b3-a0b3-7df636c3a9c4,c99a70dd-9f1e-4d32-9178-288d9d330a72,middag
310344494,61938045,02867499795,4556853,61938048,fa7961d0-8fb1-488f-a54f-09d114cd535f,ac269260-fd4b-489e-95dc-4732fec42cf6,badestrand
310344567,61938074,06816694556,4505637,61938079,5ce3b97b-198a-4a98-a762-539bd137fcd5,6b2f8b18-cd2c-4060-b36a-a46f7f235800,eksamen
310344699,61938099,23924898364,4504059,61938102,d3978d23-507a-4c96-884e-f114f334e8b1,2e565ffc-cefa-467f-bf99-4ada38a1bb10,halvøy
310344702,61742065,10887396952,4561605,61938103,0e488cd8-f81b-4f18-a6d0-bb54ca28df72,b9509cf8-29c8-4db1-8261-e150d47c5094,lyd
310344761,61938114,09896795721,4570299,61938118,457bccad-2c00-4c00-ac91-9577d5e47b95,5a82aef1-35d2-4737-a0e0-789ee14a8cd9,familiebarnehage
310344869,61938136,08928199763,4570306,61938145,b4194228-872b-444e-9fb0-3cba2b2c184a,7e4b4739-72a4-443c-bfeb-60ffe21da693,bokklubb
310344885,61938140,13918899957,4564828,61938147,c56a966d-1743-497c-be16-2d694079f717,173703d1-6621-4544-90ee-23882a0cf1bb,klasse
310344893,61938141,24834597337,4538657,61772476,69a390d2-4bce-4e9b-8732-9f7860d10a72,8d8d6c40-d586-45fd-919f-ff49bca9bc19,vaskemaskin
310344982,61938169,09838297916,4553425,61938178,9ffe1cc2-d197-4a21-94c1-5933e1005faa,399d1fd3-1ef2-4eef-8bc8-87c0aae63d4c,innsjø
310345008,61938173,10846098165,4558292,61938182,45da7e9c-8776-49d3-a600-ef552eaaef94,910e4608-3bee-45e5-a41a-7831d8fd6a26,biograf
310345032,61938187,09886696938,4561534,61938192,04b3555d-3019-48b7-8ff6-ce1670d40b20,b5795400-c450-49b7-b9ed-458287c1ab2b,ost
310345105,61938206,28866999637,4568516,61938216,fff496d1-aeac-4232-bf0c-79e3c9f4d3cc,2aafe361-b011-4298-8f90-52daa9fb08b5,kaie
310345156,61938225,03886197208,4503099,61938230,bca35ffe-3442-460d-84e2-8992ee7901f7,3173164b-cdbb-4e59-bcfe-a978747e5676,brudekjole
310345237,61938239,11916798018,4529949,61938251,098361ec-934a-44ff-9ea6-9ce7917cede7,ed8cafa7-dd36-4ca6-9a51-6546f1780f59,drikke
310345245,61938253,01877597322,4562552,61938256,43d3c7d8-00be-4073-81ea-aa3ee65ea115,5b50e0f4-48a5-4317-94dc-4583f0ca5551,mandel
310345296,61938261,09876398149,4505948,61938264,fce67ed8-3e74-4b36-abf3-ade96927d937,d131d57c-d79e-4e35-9948-5869b528f1fb,harpun
310345393,61938288,28849096607,4545904,61938294,500b1dab-2105-4d42-af7d-a8bc8a886cc0,92f6e22a-a3ae-4f18-af5d-2a94f922cbe8,antilope
310345415,61938290,03926496718,4557816,61938300,d3a18853-f50e-4f04-8d00-9d99e33a46a5,3a5a59d7-e3c0-4209-a1b8-767e81ee1138,måne
310345431,61938304,09865297588,4542644,61804802,0027f371-4471-4613-9d2c-b0d09270deac,2b2157db-65fd-4179-bfec-e339acf589b4,folk
310345458,61938305,20916597739,4565048,61938311,113b9b9b-acae-42cb-9e75-94dee6d8243b,ffe04b68-4624-4e30-836e-f6ce9e801f78,seidel
310345598,61938332,16835699122,4567853,61938340,fd34e412-e7a1-4cb1-851f-b54d011025d4,62e76466-1803-49f8-a0ba-1e6d04053d2e,bjørn
310345725,61938382,20897499062,4504914,61938388,bb091b96-4a56-465a-a2b3-e4682e10198e,160ce85c-48ba-4fb0-83a7-e632911a75de,turbin
310345903,61938419,14833847377,4561906,61938425,90f9bca2-cfe8-4241-8c8a-a19c3b96a9e2,14d378aa-11c1-4047-8a44-76410a8ef2de,bie
310346063,61938476,29876399146,4561256,61938484,841bd429-4da0-4153-a4be-d63ba232178c,0d90faa1-19a0-44a3-ad8a-efc0d729cafb,plassering
310346209,61938509,03825597718,4560829,61731593,f3aa9016-b610-4dee-91bd-fb3c44b0ae5b,2ee0a894-c521-45ad-979d-2b071e6a7bff,rekkefølge
310346306,61938541,06887999978,4502830,61938545,bbea6088-0b9c-4289-b3a0-f8f0bafde703,142da5ec-a210-4520-8799-912ca08dffaa,fasade
310346322,61938543,04906597158,4556076,61938556,896d6c99-65f3-42f6-bbeb-e36dd35cb8b2,c152304d-2688-4e1b-9182-2fbe57f02df1,orm
310346438,61938586,16845899316,4536966,61938590,f11689a3-f6c5-44d6-96b7-4ca170f9ceb4,6d993032-6373-42bd-899f-44013edf2da9,lefse
310346578,61743427,13886397563,4533391,61938623,ca552c6f-3896-4ac5-9922-31695379a1f0,bf160c22-7e14-4165-b6d4-b7f63120142b,bursdag
310346675,61938658,14899899068,4535469,61938664,0f35f69b-f7d1-44aa-8ea8-b7d04b79a257,90eacbb9-0ed2-4d1b-a3b8-5036ef64f6da,trenchcoat
310346802,61938685,11846897196,4528840,61938701,796909fe-a88b-4d1f-a8ea-34336c0ca9a4,dbb5f033-a112-439c-847a-d5313aea6808,trafikkork
310346837,61938702,23929197909,4502531,61775003,d770d37c-bbcf-4759-9fad-024fa7e11c78,8696d531-389b-45b3-a526-46e308848c60,ponni
310346934,61938732,08868998505,4556106,61938742,3cd4ccf3-46ba-4569-8da1-fe6a65ec0473,31463b1b-b034-454e-bda6-286ef050fb23,parfyme
310347035,61938772,02855598380,4566837,61938781,0fe9f117-8841-4e3c-8626-130ca09b06fc,58e1c8f3-23c7-452d-9470-504e130ea13f,båndsalat
310347116,61938800,31858298639,4556839,61938806,904f643b-5ccd-4ff4-94b5-81e3f5d0da37,34116675-5182-4a2c-b952-31c48e80cc4f,morfar
310347310,61938855,03905999922,4542734,61938857,ced7c470-c185-4787-b7db-193692cd8b96,e5a59fe4-1f24-4dd4-8622-d9f97634a899,and
310347353,61938863,19856199749,4545125,61938873,473befc5-3fcc-46ac-a99e-03d072ce067e,9d347c73-bb27-418d-a7f6-43bcf6f0b66e,badenymfe
310347493,61938911,03845298539,4543967,61938920,e97f7c45-c29d-4e9a-8e46-8f3c22b188fe,793093c4-3a61-4332-bd7d-3a18c75928b5,advokat
310347531,61938927,20844398132,4504902,61938932,a40be5a9-9920-4d90-b8b7-92a11f408641,b3d9f6fe-6d97-40a6-966d-b8c1492e9fb8,by
310347558,61938929,14814997007,4556425,61938933,a6b0e41c-c516-4b2d-8d1d-37c74a637221,676aa77a-6ea2-47a2-b726-366eabc56003,hai
310347868,61939009,09869199157,4564419,61939013,22530f46-4f11-44c2-bea3-b18be3f568d9,aee9ccf9-d8d9-433d-beda-bde90adf80c9,gyngestol
310348007,61939047,07927399142,4560032,61939052,2692e22c-b354-4e39-831f-e81afe6c9e8e,2e6ec3ca-6374-4e7a-aca3-2d576ac6c5d4,flekk
310348058,61939058,05907599126,4557117,61939063,8eb10bb8-9018-468a-9077-d5eb59cac66a,e22bc632-d998-43b9-8d6a-737811cbb649,fotosyntese
310348260,61939102,24885599911,4556748,61939108,8539006c-9678-41c5-9dbe-e27bc740fda9,a2ddf50d-28ed-49b3-91ef-1008c81c9e50,kattunge
310348341,61754171,05837296996,4503302,61861478,b9d05a06-4502-4bff-ba8a-7222fa350fd5,3ffd5197-e681-4488-885d-be9242d38867,dialekt
310348538,61939172,18865799787,4537207,61939174,af51aca4-a5e3-4ff3-9cea-d2c7630e08a6,93502892-75f4-4a50-9cc3-e822881ec2fa,våghals
310348562,61939176,18918398720,4547913,61939179,d74a0fa4-5d78-43dc-a5b5-0093f08d310a,1af8766d-fd30-4551-aa5b-49ed16994a79,handlingsrom
310349062,61939299,10828499322,4563659,61939302,3d5d29c4-37e5-4a71-9374-cb566f2d631c,bc987115-195c-491b-afd9-ebc966a480b4,flokk
310349097,61939305,15827898993,4550242,61939309,6b3fbb67-296c-4857-aca6-207561b839b8,08e16389-e02b-467e-99ad-d1d6ba904728,leverandør
310349127,61939311,01868897747,4541980,61939315,044a1b80-5017-44d6-a102-39096024e404,b1e61a16-aadd-40c9-bd1b-6739c6abc090,hakke
310349135,61939313,01854499781,4509137,61939317,16e973b1-2f95-4cc9-93d5-0775a26ba548,c1781b2b-b296-4f62-85c5-f8f61b908d49,jordbruker
310349267,61939342,03905299149,4513903,61737710,916bd6d7-3b80-4afc-9c78-dd1595d956b7,7294716a-914d-4655-81c2-b18a739e86d3,naturressurs
310349305,61939348,11885895702,4555640,61939357,64a87e08-f228-4068-bf2f-3ed19472fe4f,58792860-f2c2-432d-9c10-7c04f51d0cd0,seidel
310349372,61939371,11915397575,4568078,61894465,1d175bf2-1f2b-4771-aea6-73a8c56ca7dc,b97f998b-5855-4953-9b48-cc6c2afb87b0,lugar
310349429,61939383,08865999748,4537578,61939387,75ee1a7f-9b3f-47ae-9367-3899fbc32b52,b19f6184-b0fb-4fcf-ae6f-95b8a6d59464,kasjott
310349526,61939400,02825898363,4510619,61939407,752204cb-fab1-4721-8c16-c37a7c282216,5dd5e878-f3f9-4664-98e4-812ea8122a91,bør
310349674,61939452,25896198192,4559945,61939459,067eeb71-0184-40ee-8593-fb1d5bd47df8,31a0739d-6c45-41f9-b793-118d8935b05c,opposisjon
310349712,61939460,09866996587,4543030,61939462,2fd59ac2-bfda-4e31-a9bd-4dd88136d2fd,55f80c42-de73-42ff-8986-9b50da20eeb9,ball
310349879,61939487,28816997919,4545362,61939493,ab91b4cb-b2d6-4628-a6ae-753d058a7ee1,a2a8eb17-7001-41d8-b623-2336b497de6a,film
310350109,61939536,09849497461,4543827,61939540,1f01cf07-61a4-4db3-9644-f11bb4047037,5a5bc509-1628-4d66-90da-4263e83b25b3,hjulvisp
310350273,61939579,01817096413,4564000,61939584,7b035c50-ae79-4858-8806-c192099e8459,186da15b-e68a-429d-abb3-6d7673fbd688,kunde
310350419,61939620,23914999340,4549722,61939627,5b4cca4f-9dd7-4251-91e4-ff5ffe0b29e2,2bea8295-4ee3-4f2f-a600-64799fe96878,ribbe
310350532,61939657,02909098710,4562743,61939665,d4ca1d1a-2759-4d0c-adc3-004425275458,aee788ac-eca9-4c36-b073-653106222f33,helt
310350583,61939670,19822948734,4539300,61939676,c7542f36-28c7-428e-9652-40654983cac0,1071dc18-658b-44e2-a326-cd72bca94012,barberskum
310350869,61939752,07856995725,4565456,61939759,29b7f304-7b69-41c9-8293-0763bab33232,845d6c5b-2ea2-405d-8fde-7011537b5f0b,kahytt
310351059,61939816,46867300740,4543478,61939821,5076721f-c191-43d3-a031-92ddc315c130,c078882b-2991-40c6-aaf6-12c8a36806b9,merr
310351075,61939817,30840348772,4559188,61939825,c7f7f46c-403a-4f60-9fbc-728f82a0b77e,84376d1d-88f7-4dd3-89d6-6daace22ab72,energidrikk
310351318,61939889,15915299854,4564893,61939895,8e009733-8ef6-4cd8-9f1c-014ce64b8cf3,d3b420f7-a400-46c1-ad88-bc31a82d4eac,konditor
310351385,61939905,04916899020,4516078,61939915,011fda6c-5e70-4698-b807-b2010b48d324,e4b95aa0-380c-40e8-96ba-de0d4c448d4b,oppvisningskamp
310351393,61939917,05879296074,4562371,61939921,59bd1a7b-27bc-4e09-86ab-e656597e7ccd,6f9d2d88-738b-4188-8996-98ec4da12620,nordavind
310351733,61940028,28886797593,4563521,61940036,d8b8f251-6411-4205-b941-c24c5ff58170,19289aaa-bea3-4a7f-bf11-e4832ffbcd22,husbåt
310351784,61940048,09886397507,4536623,61906338,535d079f-5117-4314-b716-ba370ec0bd0c,158a9369-b7b0-43ed-91a8-06908dfdc395,delmengde
310351814,61940056,31816199142,4562271,61940062,5e731bed-a219-4841-ba1d-e3f0957d4399,e77999f1-9b52-4c50-8b73-28ab5ce2ee8c,reserve
310351857,61940067,16867298715,4541108,61940074,08bda49b-71e6-4cb9-a8f5-665acfae2200,f0f9dc6b-c87c-4382-90ca-ca82dd1bc5b2,sans
310352004,61747959,23909197333,4569417,61940112,d4041a1c-955a-4722-94ca-6aaeb349663d,957de4e8-62cc-4c14-a489-44f5baf9cb6c,koloni
310352101,61940126,15823348972,4543059,61940131,e14ea47f-ad9e-4770-94e8-f136647f51ea,df122714-4972-4747-b58c-93526d0869d3,bruk
310352144,61940140,28926199163,4552780,61940145,4e2cdbc1-5aed-486d-b10d-3a46f9ba08ba,875eea0a-c116-4b54-b484-12cd429912df,agurktid
310352217,61940153,22865398542,4557952,61940158,acad2b0d-5656-4587-b9fe-bcb516e4a4e2,a422d4e6-6718-4a3f-99bc-d8ff68668e92,forventning
310352357,61940193,27897499792,4541879,61889665,f0f86ea5-5888-4507-8077-0bd3e2b89bbb,ba3814fc-8221-45d4-9c2e-54c873e13f19,leopard
310352365,61940201,10846198348,4538315,61751246,06790f15-0876-4c12-baa9-97f721ee2902,0953a6cc-a2df-448c-aa0c-1e47676270bb,masekopp
310352470,61940231,09835599733,4565228,61940234,4d5952be-7b89-4908-839c-82053c82387e,3a98663a-6ea5-4885-9b6e-e601c1bf38a2,bikkje
310352497,61940235,23855597306,4547564,61940239,f6d4b934-5ea8-4aa9-ae96-28b1df11f85f,944585e5-e8dd-4b11-b2dd-c480cf0fbb60,budeie
310352594,61940263,04853449151,4559339,61940272,bc8bb367-dec7-4c7f-8724-b24ad7a78c60,73092d02-e913-4b3c-9210-6b5839d0ea88,jeger
310352683,61940287,18886995705,4544325,61940291,27e2f73f-cc93-48ec-aa2c-aa58ceb5426a,4c87cf49-d5b9-4415-be58-7d652b04223b,skive
310352748,61940298,05845795969,4570048,61940302,3967885d-12cf-471b-9373-87b5a459445f,35ea24d7-e571-442a-9fc4-626828e1e33e,klippe
310353337,61940465,09906996909,4566760,61940470,d55a36ed-6d19-440a-869b-b2a1f8afa9a4,92f75dba-6fe3-4132-ac84-c8a16ccf8195,solkrem
310353582,61742081,24840198134,4550680,61889269,4a72c8ed-6ef9-4a8f-8d85-91dbdee906a5,cf59fe00-7908-4f8a-a38a-51e043658ae9,loddsnor
310353620,61940536,07825698145,4520484,61940542,29556231-349c-44c6-9d2e-46c03c214057,2565a503-b813-40d0-b25d-0c14633ad609,jubel
310353809,61940587,13846096757,4556818,61940592,d9f3c25e-9b55-4af0-acda-34e0ed74c37f,672cfa05-bb27-4e3c-82c4-6abf07291011,påpakning
310353825,61940588,23916897022,4540672,61940593,4b9ea4e0-6fa9-4736-8fa6-f1e69e3d32b6,e311e2e6-81d5-4f37-8677-cdd185c2120a,alligator
310353906,61940604,51916901333,4538760,61940607,13044f9a-52e1-4b3a-8707-2fd2ed77f4c3,37c67348-e434-42ca-9d52-66beb161922f,robåt
310353922,61940608,07866296582,4559019,61940612,4b4e2dc5-90bf-4aae-bf99-762f767c7302,d4a09eb0-8d8e-47de-aa83-51cf3abe3f26,kentaur
310354074,61940634,28906297193,4504955,61940646,edc4a4b1-5426-40ad-84bc-3609e0afbe84,d21a151d-3f3b-4aa7-85a9-2ac233f097e3,boksamling
310354309,61940694,12905899196,4531775,61940702,72bf2359-fe9d-462b-96b5-1a04a6070ce0,49dde4b3-28f6-4a95-83ec-2c00f54a8ff1,naturressurs
310354414,61940716,01926296708,4547373,61940721,6c6a6005-708c-4235-ba72-ccf48f8690eb,3a7fb70f-2836-4d63-b8b3-b3601bbede62,trompet
310354511,61940749,13896097177,4552029,61940752,e44f3b86-c925-4c27-b190-81b0306b1091,d80b41d0-2275-43d1-9915-b395f5e842e6,herre
310354619,61748412,01913249948,4505443,61940778,defdc700-9642-4857-8d7d-350a8abfb1b2,4143bdd1-11ee-4d80-8b73-3a544d42b407,habitt
310354759,61940814,04815198153,4536761,61938957,6ec2880f-8ab0-49a4-b5b0-d4494e2c454b,19bca033-e088-4484-a3a5-0bb150fbefd5,bacon
310354821,61940828,25916896045,4568232,61940834,649123f9-3ccc-4585-b2be-9f868253e17d,0d097e78-62c3-4764-b2d6-1bb87a4460d7,kino
310354910,61940857,05878299355,4559040,61940862,1f00d465-fcb4-4602-b873-f4ad414d51a3,8e4a493d-8fe3-4b4a-be0e-20041e424de6,familie
310354996,61940872,07926895782,4568227,61940877,aa1340cf-d0a2-48fa-b8c3-9a8d31fdc356,8f52f131-9bd2-4f83-bd12-43d9a58db318,støvel
310355127,61940900,20856096468,4558582,61940909,bc274ea5-775d-46fb-8977-9077bacffdc4,ddfe4eff-8832-499e-bd01-b69d785bbaa5,salve
310355135,61940910,25898299468,4551847,61940914,2f3b5eb8-9304-427e-b6b8-679bac5814b1,477106d2-38a3-45e6-a9b4-3fd2ffa8b9de,akrobat
310355216,61940933,13927998399,4555819,61940939,e768f796-0d51-44ca-8fa4-82185011f20f,8f85eda6-3d6e-450a-a151-311cb872572c,fagott
310355348,61940958,29917199998,4569308,61940968,316f8067-de87-44c7-ac3d-31ca4a5bd4e2,0f278a62-fda5-4fca-9666-e2407fa1d664,permanent
310355410,61940976,04877998792,4560619,61940986,9c7a3827-c239-43dc-b785-50e12b7f0263,23f8f288-482d-4487-9918-ed8f7ab7bae8,drage
310355631,61941044,29905999131,4555864,61887798,10a6c3b0-4ece-45e0-9471-87d44ea674cf,5139424b-1655-4252-9c0d-349ffbc292e7,kommode
310355666,61941045,22915898878,4542974,61941057,ba1d40d5-df73-428d-9220-d9e56c3b9329,41116fbd-af4e-4bc3-957b-d7c4136f0c52,lunsj
310355720,61941074,11907095144,4548145,61941085,a89ffd2c-5c91-457d-8a08-f79e0e23944a,ddd9306a-9339-4489-861a-5d180fdf7248,pappa
310355763,61832811,04837497510,4563831,61877452,93418404-817e-4103-bec3-9dd81e5d5945,14da6604-4742-42e5-8e18-c0aa5e5131dc,golv
310355771,61941098,17858299314,4553082,61941104,614f0e47-1d0b-4540-8373-eb924c89080d,d3e9ed69-d7af-42ee-8a56-412276d8ba09,kasjott
310355801,61941101,70886301594,4570588,61941109,3562d9b5-ea16-466b-97da-2b3e7cc45c1b,ba110195-1c21-4e15-add1-7bcf1df45c0c,foldbygg
310356034,61941158,03876399503,4570377,61941164,263b4ea5-1185-4361-b945-58be5feba036,aeb1cd5a-4799-44c1-8704-53f6689443ec,konstruksjon
310356123,61941187,49817301753,4551408,61941192,e16ce7f7-931b-4d8b-b6f3-28b01942908d,ec5bfe36-573c-4931-8f54-34b6ed3312dd,test
310356174,61941203,19895597743,4547560,61911913,e991e537-bdc1-41c6-a6a6-96836d15117f,ce00008a-2939-4144-8262-3a03658cfad7,regnskog
310356190,61941206,08926298187,4555388,61941210,0576b034-eee9-4f8d-98c9-b34d05bfd7d1,f032a1a3-2fc6-4ecb-a9da-1cdfe7a2dc8b,herbarium
310356336,61941242,03857299964,4506114,61941251,a99a064d-c00c-4f31-ae56-4885ac5cdb94,b1538945-272c-41d4-b871-365b3795270c,odde
310356425,61821175,04845897951,4544079,61774973,ebb4bdce-6cf1-4e7a-a9b2-c65e7f350541,550f06fd-cc50-4b80-82bc-2385daea0e28,jukeboks
310356557,61941306,19845999344,4568467,61941312,57e16a5e-dc08-4a3a-8949-1610953b3ba1,d155f80c-a067-4f83-b490-f650ab1ba35f,besteforelder
310356859,61941381,10867196183,4504261,61703709,684d976b-3c96-48e2-b712-e4b13735688b,b2c3a098-a7d4-4a21-a491-eeb771b6558f,trekkfugl
310356891,61941385,19907199099,4564805,61941389,78f7233e-242a-42f3-87b9-66f2a5e8847c,b4a1b9aa-1ffe-4761-98a4-30d6990d2ded,elg
310357030,61821158,19917297331,4545641,61941421,c71dac72-15a9-410a-ab62-5bcc394a12d8,dec1de23-4d74-4060-a1dd-55cefd5a417f,kamera
310357227,61941450,10917099117,4546800,61941455,97606681-27f3-4807-bc46-067e7bd0c0e1,40c02db6-c3d3-43d4-bbf0-3358f2e12956,kunnskap
310357243,61941457,13866799568,4533094,61941462,a13f8751-29e3-4d77-a0dc-15f3c8fc9430,93d692ee-87eb-4077-aa8b-307bf7afd5a1,kunnskap
310357332,61941476,04860099964,4548618,61818848,b915d08c-aaa8-458a-b962-c210cd299fa8,3470f831-4dff-4c57-a92e-8d5809de6c46,svoger
310357464,61941519,17875799576,4539050,61870669,5d648721-781f-4512-8770-78f04f828a64,79878d6a-9423-4bb4-80f3-562dd80f12fc,lakris
310357502,61941527,28906998841,4542866,61941533,78d0d3e2-bc10-4907-bb39-b8461bc757d3,b1bdda39-e640-498c-842a-1bc62af4e5ad,påfunn
310357510,61941530,01865997511,4509320,61941535,17e5e450-d695-44fd-962a-67efdf7661a9,4639f730-9fd8-40e6-aec7-13a98c7ef741,aktor
310357537,61941534,07825696991,4505609,61941539,f9963c1e-fcdf-449b-b3df-57a63c9e9fd5,cb839f58-f13f-4969-bd1f-7e7c0281d471,kenguru
310357634,61941558,05836597119,4558995,61864589,8fc87aa1-9275-4413-ac61-ce1548c4e209,2e07953f-c449-4077-be29-586864233830,ham
310357650,61941562,04816598317,4562595,61941565,e3775dcc-103d-467d-b434-e23ef663c55b,5dae7318-9a59-4797-8bbc-e1691eae6225,kubbestol
310357685,61941567,06897599137,4553738,61798391,3a7f439a-4a0f-485d-bb48-8a010d0c0282,116c5ba7-4a66-4e09-93cf-97fed19e15ea,port
310357693,61941569,47887800320,4503742,61941575,c393c703-172d-4b39-ad9a-26f5ebea015e,7e5aadbf-0f7d-4be1-9fcc-db6885bdf077,tirsdag
310357715,61941576,14893449192,4557178,61941579,84059c61-872f-451b-9d4d-c1ae5e0263e3,6c3859bf-40d7-48bf-a200-d419389e1b28,dyne
310357723,61941577,04905898804,4506360,61941581,cce8193c-eb30-44a2-bf36-bc42691fcb06,c40bcafa-ee3b-44c5-8279-57d62b37e538,stjerne
310357758,61941584,20817098275,4558581,61941588,4706c881-198f-43b9-8ddc-c505e084d18b,97ed813c-3f2b-404c-b636-9bbc1b2cd35a,presentasjon
310357960,61941634,28909499706,4504468,61941640,3c945a5a-fb79-4ce7-8e90-52b56108d7b8,a5de7dae-e931-4e21-86cd-a50ea5ee159d,gitarhals
310358045,61941652,05847299438,4516983,61941657,975257f7-24d5-4a78-8f89-abe6c41e28e5,4412a3c9-e19e-4666-899c-62294821e967,fjær
310358096,61941663,19897197564,4539947,61941667,37c617db-cadf-4864-af61-3d1ba89f27d9,7a4ab90b-4434-44f2-883b-07d06fbb05ee,bakgrunn
310358207,61941693,18848998334,4555097,61818615,78916e78-5a48-4262-8469-593802bdfc13,fa204ddd-ee4f-40eb-be0d-31ad0cd69195,boble
310358215,61941694,27888197171,4502291,61941698,8a7cd840-07fc-44df-af53-865eaa0e4b5f,a45d0f4e-84fa-4b71-aa22-c98ef94ef032,graf
310358223,61941695,25879298450,4545271,61941701,a836258a-5a84-4018-9b47-f263143c71c6,72fe8c00-1473-49fd-8074-5b10cde15b75,oppskrift
310358282,61941709,26827895937,4552418,61941712,4bf71d28-9b67-4c9c-909d-66ba7d06a034,7d05ff70-1fd0-408c-8144-e7679579c7b3,skive
310358657,61941810,28823648318,4568991,61941820,62b383e8-ea06-4899-9e75-348a44abc97a,dd6413ae-8f66-40ef-8947-d458f030dfa5,opptaksprøve
310358762,61941833,19856897764,4504600,61941837,8550df49-f820-49f9-9fe8-2ee13121af7f,ac695ec7-2c79-4c64-8f9a-d02c9439cfe2,jak
310358835,61941854,03885997731,4556769,61941862,957b1d42-a1ba-4ee5-b946-bdb52a60ecae,953dfbbc-220a-4433-a3ed-34b12ccbeef1,bibliotekar
310358878,61941859,03909197049,4502989,61941864,9ab05453-0396-47f1-b202-d12b492feb19,f25d8fa5-4e6d-4d38-8ed0-30364a48011e,fødselsdag
310358908,61941874,17875197398,4536258,61941878,379dadb4-1522-4d1e-8713-7bbb77ead57c,03935607-0965-40d8-ae5c-98da1cefcb6c,grav
310358916,61941876,08917196002,4524032,61941883,d8a7caaa-4a0c-4528-bc39-0b6e44245a85,fdc9d520-916d-49bb-9aa8-30c44d96a087,miljøgift
310358924,61941880,09846997129,4502819,61941889,47e134f1-d902-4aeb-b809-ce70e9529d99,49ad2eb1-a21d-4129-8a3f-d9bc285d7883,bønne
310358932,61941886,11918998863,4503688,61941892,39f18129-5fc5-405f-ac45-8c83f90dc8f7,cbd9fa6c-4e1c-48b0-a2f9-9e02355ab32c,bit
310358959,61941893,25918098308,4540302,61941896,553608fc-98a6-4111-9ef3-083087f98575,32a8c64c-1cb1-450a-ac1e-313687b81183,strømpebukse
310359025,61941906,30899498549,4539525,61941911,a758d7b9-3c2c-443d-94a7-913d6e19b02f,6ac60159-248c-4233-aefe-99ea4b413fed,synonym
310359041,61941912,07885197579,4505578,61941915,da69535a-57e0-4c1e-877a-bf407edd0129,7bd89cb8-1986-4a7b-abe1-de799df70fc6,heis
310359165,61941940,19855396796,4539504,61749399,10712436-fd2b-44b1-a9ab-4536ec7071db,ac3ee60a-bff3-4074-b20b-119015053e5e,permanent
310359173,61941943,18895698195,4563484,61941947,9d6a5288-2ec2-4dbb-981f-d135193eedb5,b8a419a9-c13c-48e0-9bce-ea43e25557c7,avokado
310359408,61941995,25914895114,4569672,61942010,7e005657-8fe2-4ff1-b312-43166e16c25d,0eceb41c-5fb5-40fb-9e27-7b7caf241555,lerkefugl
310359491,61942024,10876496521,4504731,61942028,d3477426-0939-4f0f-bd1b-201b1518f6bf,d50e3a8d-3ae5-4415-b032-329efa955a15,bly
310359718,61942079,22826696986,4542421,61781535,540c5234-1b74-4049-9f40-9c38909d5dc2,28b06300-2772-43d8-9cc5-8b8978918dde,foxtrot
310359866,61942121,19847699933,4539676,61942128,3a4620ca-9ef0-4e29-9fc6-d5c7bb5f52bf,4099182c-c60d-42a5-88d2-1f0238d77fcf,dusj
310359912,61942140,03896298193,4502930,61942149,1c354db8-6cda-40b8-a5f5-d4545a2587e1,06fb393a-d3b7-4e53-8389-afbe607178a3,pannekake
310360015,61942169,16845498559,4503673,61942172,845d8f3e-147e-4a39-b2c0-e54564c31f64,2e52f749-0d3a-4941-8af6-ac4c5986ec44,fan
310360023,61942170,22888699000,4544737,61942176,c70aeb75-218f-4718-a773-1deeaf7ecf02,01539372-93b0-46c7-91b1-a6c5d59e31c9,hakke
310360058,61942174,14905098757,4501778,61863980,686f3320-d584-44b1-9643-3e09f7dac512,c82789ec-1cb5-4a3d-b7c5-5be4498c8e46,lenestol
310360090,61942189,11889998883,4544158,61942193,7f452e2c-66b8-4c83-ac82-e48a3c00caea,eead446b-736d-43c6-b2e0-317165af734b,pyjamasbukse
310360309,61942233,04869199333,4558087,61942246,b70c360e-8cb2-46d8-ae5d-94d549a28a8f,ecff5f45-8257-48eb-8f65-402a322d3538,svane
310360414,61942271,10814999071,4567775,61942278,e8ec8821-8b42-40a1-98aa-671f41a854a5,7b684c63-0005-4849-9dd0-129b30ad1e32,konditor
310360422,61942272,07916994405,4570507,61942282,0b807c6d-65fa-4ddf-8da1-85cc997c06b9,32b5a3cb-0b89-473a-80cc-61550be3b710,diamant
310360430,61942273,31837498158,4564385,61942284,4cee0dfb-1bb6-4480-9ceb-e6dc4f99a67a,391908e7-a6e6-4be3-8505-5e42f35490fc,kupé
310360449,61942285,07847597458,4566290,61942288,9abbecb0-b01e-435d-b96b-ef2dfa2d05bf,740d933b-073c-41b5-9178-80e5f8cfd667,ask
310360457,61942286,05928997520,4545887,61942292,23141595-e1cb-4d2e-9bf0-698be42d1054,5e61f49f-2dde-4d5f-b51d-77a8b1af880d,svigersønn
310360554,61942305,10876697780,4556990,61801270,07d243d0-cbb5-48d9-9e7e-b3714ae00e60,67ab728a-0cb8-4d0d-bc87-b3e66bcfa0d8,bakhjulsdrift
310360627,61942323,24876998706,4559002,61942326,84ecc0f0-33a0-41b1-b417-a76ae9b1a8e4,69eaec8d-bbfc-40ad-afe0-cb2c146c6a9c,mønster
310360716,61842040,09823148906,4548612,61942346,6ce19f86-21ef-4190-89b0-6686ca498b4d,79f72613-af26-451f-99f6-34e97b8877d0,altmuligmann
310360732,61942350,07895298020,4569114,61942355,44b66d21-5e64-408f-82ae-d7e986dc89e5,3cd89e67-ba29-4301-a6be-48ff8b73d82d,bytte
310360740,61774170,11925096557,4537169,61710491,3677559c-464c-401d-b184-56ff4c262bc2,7f4674d3-23f1-46ff-8ef2-f28d2e5d9525,blokkfløyte
310360775,61942358,03895699194,4513740,61942364,b6dc73a9-e58f-44de-b8cd-e8d3cca419de,e430ae62-80fc-4cda-b589-755d7b0d7286,matematiker
310360961,61942432,05843947931,4516881,61942436,eb4f76fe-2faf-44db-bb62-66cfd20fff6c,a921f83d-3316-4ccf-9593-ced1e14a74f0,geografi
310361135,61942476,31857499789,4560393,61942489,3253ad6b-5ab1-4677-a85c-8d107a559120,e8a43f39-c52c-40f5-b9dc-62415144a2a1,panjabi
310361143,61942484,02925598510,4539823,61815065,8931348a-35fd-423b-8b0b-68cdec300793,7894b839-b5d6-4c45-b1b7-ee10fe8147f9,granitt
310361151,61942490,06843849537,4518842,61942500,4b9e1eb6-efa7-4ff7-99cf-9f5cc3376224,89ff01ae-00c0-442e-ba92-91505ff983df,ettermiddag
310361240,61942512,07836598142,4502682,61942519,76055ad7-caba-419c-8654-fd96aa5a3993,a390191f-8fe4-4801-b88d-d4118ff1be39,busk
310361321,61942535,08813149932,4543575,61942546,1851a3a5-2805-49cb-a92f-14f934e8e65c,91df1133-5563-46f6-b658-fee0c94e542c,systrending
310361461,61942578,02908297264,4554323,61942583,2e20fcc7-88d2-4462-a54d-b4311b485c3f,db42b901-1662-4d72-8954-8395cf2f5826,innsjø
310361569,61942596,21815698506,4504665,61942600,aa496f8e-cb34-4387-880d-251394b38b20,94058d22-d285-4a34-877c-ac1d6cb5bf9b,katapult
310361593,61942605,11879998117,4539733,61721885,4536dac6-7a3f-49dc-9c05-73171c47ede6,345b9997-6805-4340-bed9-c89e26073711,desimeter
310361623,61942612,20815699956,4543782,61942616,32b59858-a62e-4ba3-b51c-d822ff7e2b68,740f873f-39a0-4c6b-a757-56080129ca0e,alke
310361658,61942618,09866996315,4558626,61942623,b7030539-f433-4104-a393-db763216efa3,2f1309a2-8a2a-4acf-8d63-3f7ff01df671,galleri
310361763,61942635,08865899212,4539296,61942640,dcc3ace1-307a-4969-9503-0094b0a9d37c,d8391b3b-27c1-4353-bace-8a387bc1262e,fagott
310361771,61942639,23894697954,4538387,61942647,f109d709-6f21-4edb-b177-31fbe33d9b25,7df454a4-be59-41dd-a91a-4481c079637d,hjulvisp
310361844,61942657,21869298090,4570216,61942664,fa449ada-b24f-49a5-8787-45f57bf154d7,d587e3ea-6149-43a4-8741-ad7b4ae5fd21,maleri
310361933,61942682,10837899953,4554556,61942689,13fd1489-7c30-4350-8b73-0d9fd878a1d0,c45c4c0e-24f3-46d2-abb8-d04df0a87b01,agent
310361976,61942692,20899496648,4548972,61942697,b64a73a4-eb66-4827-b4c3-c9d638e18b37,4b34cf0c-94d7-4fd7-9825-bca807ee53c4,oppslutning
310362050,61942713,28916896990,4570672,61801150,d81afc11-7981-4f7f-9d12-ee9f31a699ec,43b1e6c4-6918-4a13-8f78-368a67f4ee13,overskrift
310362123,61942725,02896599758,4505777,61942734,5075ca94-29a3-4436-bcad-1bea51702a6b,2a57601f-756c-4ada-90a5-59f18d0cfbe2,sjøsetting
310362204,61942747,09856699339,4548436,61942750,640632d7-6503-4dc5-9f59-6ca208131cc4,eaa7c682-d9d7-49f2-b553-0dde8987d200,fabrikk
310362271,61942766,20859098100,4568351,61942773,df9f2c00-06bd-4188-9136-b377f88780db,9bf25a57-f838-4bf5-b5a5-95a585f0223e,ærfugl
310362301,61942772,06818399284,4546153,61942777,0f636904-974a-4a5c-8b61-272c9fb36c8e,4c867beb-0c73-48fd-b88b-012d768aa3fb,klaustrofobi
310362425,61942796,17825994904,4553904,61942803,bdb1b31e-860e-4ed9-893c-e059d33d2496,643ee087-2af0-4b27-8199-f5cf67b32057,glose
310362530,61942821,09815499732,4548999,61942827,6780e077-744c-488f-9f07-3127ce2c8bf0,9184ea8d-d56d-473c-b260-75692ed32961,kone
310362549,61942820,04905896712,4562071,61871308,a762ef24-2fe4-41d0-9166-52aa5de0527a,9c7e2a3e-2c93-46de-bd5c-d89ac698dacb,rygg
310362662,61942841,05858398764,4550489,61942847,7467df29-e5b5-44e4-ac97-78fea3e0d77a,f1ded673-cf13-45c0-864b-9a4a96fbbb53,flamme
310362689,61942852,24885698200,4551957,61942856,e40f70a6-9372-4d64-8a8d-de31b2e5f316,9ee74082-f3c6-4ec1-99dc-5cd7d335835e,flette
310362743,61942866,20895999424,4560319,61890572,13119a5a-7177-4ca6-a402-1f6eeacab40f,4c29a07c-949d-4185-9fce-718fefcc623b,ballsko
310362794,61942880,22870099685,4570336,61942885,6f2da2a9-7c77-45ad-ad2f-a7f5ca7f5cf5,9abd5237-2b43-412b-8063-d7a07ce19b01,panikk
310362875,61942901,25874798323,4565356,61940136,95d820c5-ef63-4695-9dd0-9257a5290bdc,2e7ec514-8f27-4ad5-9fa3-a1b5a8c85ad6,hatt
310362891,61942904,30904796901,4504073,61942914,049d0114-9964-4718-909b-cd0cf0660b3d,b5c2b86b-cb0c-41de-9f11-3a9cc9b82c41,støtte
310363073,61942953,21915498784,4539672,61942957,d1298c00-6047-4ded-a153-8af40e54bfdf,685b18db-42f3-4b99-9a6e-3eda3b2a4dbe,bakkerekord
310363391,61943040,02907996711,4547147,61943045,cbcb645e-b759-40ce-8bc6-1d7782e15354,7d69c2bd-4cde-4d9d-b65e-39a1527953b8,sarv
310363715,61832298,27899396680,4556638,61943118,99da9865-a465-461d-813c-867b121aae94,ee1cfcf0-287e-4f4e-92ab-72178753a086,episode
310363790,61943124,17864699375,4563046,61943131,ecc4c94c-342f-4193-9001-54ed0ca6216d,4220a56e-32dc-4317-8771-1fc4a92705c5,dagbok
310363855,61943142,29880399681,4549195,61943147,9a76d76a-eb2b-4c10-8f9c-2cbe5d209352,df953a4f-717f-4708-b744-f74cc89a5c0e,tradisjon
310364096,61943187,27878697338,4551076,61943192,84b2ac43-d212-46a5-87e3-d250c54d526c,0f604b51-97b2-4776-b80e-a5a26c875803,lagidrett
310364258,61943224,24893149372,4539212,61943232,2dc0bee9-cb76-4a01-a351-65c613c7e740,560acf8d-eec7-417f-b995-be957105a296,kvern
310364398,61943273,01826799982,4565229,61907179,04e8e42d-313c-47bf-b519-81ac18253091,09a57707-3050-455b-9887-9a01253309c6,kaktus
310364401,61943274,25837499340,4504926,61943277,096e5eba-c1fb-409c-8862-aa6ebf5b6d8e,db81ad7b-3497-4cd2-8f42-9e987a4f7cb7,pukkel
310364657,61943329,04868697984,4548685,61924983,cc090abc-0bf7-46d3-a8bd-074033e7ea98,5358bca2-4c51-4f36-a190-798c5dff7c6b,interesse
310364762,61943349,15885299099,4536829,61943353,ae170189-9ea8-4464-9fce-44ebe41d376f,8b41d02d-dc95-4d3c-947b-5bddb4a9c0a2,kant
310364819,61943357,20849698398,4539254,61943370,0c6e354b-09ad-4841-9b8d-eb7d586704a5,56a380d9-bd1e-4168-8437-873e79920e7e,porsjon
310364843,61943377,16829998495,4502781,61943382,80402a66-4385-48b6-b3d1-2c8a0b66f131,d9ea6f87-e5e7-471e-a429-7992635d2db3,veterinær
310364886,61943386,02856898957,4558744,61943388,a83a6201-d791-4dea-905a-7790817a4516,f2068210-823e-48e9-baf3-203787e5b5f4,elv
310364916,61943392,05928097481,4563333,61943397,35949fbd-0b88-4c65-b097-65f9c82cc848,fe8f9168-dc2f-4a78-8c92-cbfd43f0d68b,art
310364983,61943407,20882848702,4562067,61943417,b87d34a0-c74d-4065-9fab-02ec76fac451,25f323b3-1a55-4b3b-b444-4e56cfe6d3bf,humor
310365068,61943431,15870198091,4557222,61943433,4d9d1af5-cb9a-4e8d-be33-379afc7e4bdd,e7d10007-d253-46b3-9b94-01a002ebc98c,føflekk
310365076,61943435,01847899901,4509069,61943438,8f040a7e-337f-48fd-9317-b4543dcdec7e,eadaa3e9-277d-4e9c-b502-44ca31c8e5a8,grandis
310365122,61943449,21818394788,4505365,61943455,73380078-5a1d-4bc8-92cd-99a104144819,ad663e72-31b5-43e1-96d7-ccbeba79b13a,magesekk
310365203,61755151,13898696507,4545691,61943480,36c5eb52-e1e5-45f4-86aa-4229c74e39cc,101077d7-a933-4d15-84b9-7ae28ef94262,salamander
310365386,61943540,29879099178,4545688,61943544,a9240e5f-edb5-40e6-87a4-58210cc025dd,959029f6-5044-4eac-88fb-470d4d95d03c,saks
310365408,61943541,13866396951,4563284,61943545,36eb7f72-fd3e-48ea-912c-e5e5db933b83,f96d377d-8661-4ab2-bd0e-bfa6c3a0cfeb,enke
310365432,61943551,21888298395,4552101,61943557,e54dc4fd-91e5-4959-92a7-b9539da930fd,1cdef6f8-8cf3-4b0b-b4de-9c6f7631462a,gallupmåling
310365483,61943563,02825896190,4505733,61802484,7b5c6226-092f-4774-9d50-857cba2a5f87,b53e7c5a-c497-4bba-8074-d411425d8f4c,opsjon
310365548,61943579,12928198179,4537373,61866797,ad8172c2-f58f-4bc5-8cb8-6312325fb1a0,938c8253-77f3-499e-bc86-9f84d06b5902,okse
310365556,61943580,30867599912,4558972,61943583,45346fce-8c78-4221-b589-89bf0385e6ce,92032f48-8420-4984-8d02-cf5a6286874f,kollega
310365645,61943610,07876199518,4539580,61810744,83aa0959-a382-4c76-aa2f-4bae84212d3e,a6ded86a-930d-49e1-a2b3-2428e3c65681,villa
310365726,61943625,30813549855,4561081,61943631,82b046f6-862c-4f31-ad4b-3ca2d954553e,ee213b82-8189-4fc2-a565-df31c86b2bfa,bord
310365769,61943643,06878998950,4519442,61943647,0c0fbf9e-c2e7-42f5-b9e9-5028bc50d40e,e8a8b5c3-769f-4052-a4ca-76677535f7e3,pris
310365785,61943645,03815698966,4544741,61902490,0ca0e62b-2a32-4a14-8735-0a3578b7c866,b87bb080-131a-453f-8c52-a54957061dcb,bakverk
310365793,61943646,06865399926,4549326,61943650,f6ad8afe-43ba-4f37-bfe5-78f334e34f91,2efeef1b-ac7c-4ad2-98f3-a6fac584ddd1,ovn
310365815,61943652,09869296535,4525306,61943658,8e31c069-13aa-4920-89ec-a60505ebe3a0,2d940f95-2252-45cf-ade0-7e9b99c406b2,knute
310365904,61943681,22929799139,4553520,61943686,2c9582d9-0f78-4614-8e4c-e75858bb62b8,1771c0e2-9780-4cf0-8806-3bf4bdca3cf0,jordbær
310365912,61943684,17894699930,4547065,61943689,de34a86c-dfbb-4a18-91ad-cde20a6e7b65,fac33374-a31d-4471-9dd1-77053e7fd81d,høvel
310365998,61830183,05846396111,4567391,61792007,7c0f34da-8997-4d6a-8460-ed4f052bc0dd,f750e429-2042-41ab-8765-d25aa945b25b,million
310366056,61943705,19833948167,4549949,61943710,2bb89bf9-5f11-4bb3-a5c1-4cd8d81fb093,7cda9735-ec34-4412-a98f-feb98b7579d7,sjiraff
310366064,61943712,24835896362,4569077,61943715,f379fa56-8f80-4b2e-9c4a-e1ca0bfbadf2,03ee62aa-c0a6-4a60-a191-a57c9047cff4,pendel
310366080,61943714,20918599100,4544448,61943718,87d17a33-b2c7-4049-a01f-183091059f9e,1f94fb8b-e65b-4a46-8115-3e94ae49b48f,drue
310366234,61943739,04845796551,4543040,61943743,83604a50-b0b4-4cf2-b36d-9cc5e8a19369,1e196888-9c38-482d-b616-3830f8f09a45,kake
310366374,61943776,29885396303,4554823,61943781,d9f2c8c1-d025-4eb9-ada7-8cc3a73d0f53,5b9d9e92-2964-432c-8a79-cbde05ab7532,halvmeter
310366668,61943865,11914699349,4504482,61943869,66ae8c8b-7329-4405-8e29-d4983686daa8,1f25765b-1fc5-4197-b514-103b931f9f87,ambisjon
310366722,61943877,07906698808,4538336,61943881,dc3a60cb-b396-4940-bba6-ad11b3cbaa78,64bd9030-90ee-455e-827b-179b301e2f7f,fobi
310366757,61943885,01847196404,4562087,61943894,f5082eb8-fb28-4857-97fe-523732a49c7a,b1d39223-fec2-4142-a882-34907b447394,kattunge
310367036,61943961,03856998907,4553884,61935896,e3b1a7b5-0f23-4e6e-9951-8a96e0893cd7,e3302bed-fcd5-4de0-a7da-5b2be04bf8dd,fritid
310367141,61748111,28925399177,4502579,61944007,df409d03-d2aa-4726-9fcd-2eaa37f11daf,9f2648d7-5b36-4505-a22c-b35657b4422b,kunngjøring
310367230,61944022,26877698083,4501764,61944031,6a853344-76b7-4273-91ea-0781d31651a1,a5579755-e9aa-40fc-8f76-684c9be82273,grøt
310367338,61944045,06916199153,4520017,61806416,19199c23-6399-4424-bd78-4fdc6873f68c,80cbddeb-bc24-45d0-a708-64c4569b3716,varedeklarasjon
310367583,61944111,25918498624,4502456,61944119,9722ac4e-11de-4cf2-beed-4f74a87462c1,6b39f607-7128-4f76-9c3b-c228ddad5e23,gress
310367621,61944123,20916499567,4538012,61944126,0a15aae3-032e-4bff-9ba2-146d85d28d31,15ab5dde-dec1-42a9-885a-5803c244ed5e,gulnebblom
310367842,61944187,13907699573,4533720,61944192,7183d9f7-c74a-496d-8252-6e8fec0400c2,34949f5b-9a20-475e-afd5-4f827ab5888a,golv
310367923,61944215,16886995575,4538721,61944220,09198d36-af85-4c2f-a619-0da7467025b0,a7e601a7-f90e-4882-bae8-7b00afa12b2f,banke
310368172,61944308,20866899623,4539599,61857294,aed2309f-b57e-4c74-8728-7b82eb3ec322,a7b62988-4442-4abd-9435-674456fbcb8f,farge
310368474,61944379,03879498715,4536311,61944384,8508096c-4dc3-4385-94e8-ecb6160134f2,983776ba-27f0-4a08-a77b-afda39e759e8,detalj
310368490,61944386,22917199934,4568471,61944390,8c8a648d-9a31-491f-b13f-8a1a62e5128e,beb8fc85-06da-45c8-93b1-59ff2709e156,forsøkskanin
310368601,61944409,06876099568,4538589,61944413,b7be02e4-9c03-4700-9afe-40d75c72910c,df9ea7a7-b79c-4f8f-b79d-ceac8f1bd967,ballongbukse
310368628,61831135,22863249183,4566636,61944424,cf6629ea-498c-4caa-a2dc-b819ad0fab83,7816f325-1073-4b8d-bdda-aa045da0100a,bygg
310368660,61944433,17878299809,4547747,61944447,966e9fad-db2b-4ef6-bf53-5951b2491087,8cabf67c-e74e-40de-904f-041e83cc5ef9,artisjokk
310368776,61944467,24925698551,4553800,61944475,a3d57ea4-dbd8-464a-b719-5153703434ac,9104261e-2374-4442-a40c-bd236cd198e0,retorikk
310368946,61944506,03896598731,4559590,61944512,8ce03390-48cb-4a42-aced-7b16d81e2ad4,a5d5b4cd-1961-48a8-bb1b-10dd967308e9,fuglekasse
310369047,61944532,04926196532,4557579,61940675,583cc51d-16a8-487d-8e31-f679fee36a9f,0414c2d6-d2f5-4ddf-8e2e-3f0c5e12bea8,retorikk
310369136,61944543,12895399769,4541372,61710194,3e192608-dc68-4f21-9f92-095d2adb305f,6ea9bedc-ce3a-4039-9dda-ac56c09b53ee,mølle
310369209,61944570,17829098709,4558648,61944574,e1ebc2a4-05b1-48f5-b2e9-239118836cfe,9e53c765-a73b-48ee-999a-c7a786734d82,rist
310369330,61944611,07907596723,4545902,61944617,a80747ef-fafb-4dad-b7c8-549e8af13589,c683b52f-48d1-40f6-ac39-4aa940102b04,fusjon
310369403,61762768,03886896793,4570802,61944633,8a518e66-e9b9-4965-ac93-7baddf313a7e,12201d89-9eb2-4b9c-abb6-44ffd578011e,hjelm
310369454,61834988,06865999931,4555058,61944638,d94a0ffd-6aa8-4e74-b622-373e4a454b73,6465f71e-c22a-43b5-b78f-521c4e2189f6,faktor
310369675,61944703,22917496920,4545233,61944709,7a877421-14d0-4c80-86af-aca75cda4aab,584dcf43-f6ff-4eed-a045-fa879180c088,fugleskremsel
310370223,61944843,03827399077,4512672,61944849,84deae9a-2c15-4ea3-9f28-bd8b5eaeeb52,264e5cce-39ed-4f13-9663-5cd15f0029f6,hotellsuite
310370339,61839344,10843548909,4526819,61813770,faed3bae-835b-48bf-beea-fc595ea5372b,0f006ca7-bf80-4bcf-9aab-9db9a057838a,drue
310370479,61944919,29847198107,4552180,61944928,05fa2098-559e-496a-ac57-22e6a3f70e39,9f7ec458-9a29-4912-afec-e51248f8456b,system
310370541,61944944,29846698173,4504538,61944954,19aef9f7-8898-4d53-9c64-d9c273f9702c,82726b97-f055-4d18-9a05-95549ec632a2,kam
310370703,61944993,17846199357,4566880,61944997,971c89fb-f782-41c5-9cf7-a5abbf3bd6ee,ac046c89-9908-44ce-8e0f-4c58e10172e4,pukkel
310370800,61945009,24828499854,4542028,61945020,d429896e-a04d-42aa-8593-8743c7eab961,471cc636-235e-4d5f-b222-fb2abfec1667,kino
310370894,61945034,09905998800,4550107,61945041,3be184af-c5de-4e8a-866f-af47b63aae46,a6d07100-c360-406f-9b2d-1ca60eec469e,genser
310370940,61945047,05856696598,4556378,61945055,7ebbf402-c04e-4efb-852c-acc8dcd17b8f,30f7dfa4-cec4-4237-9e84-4f9cdb3f2bf4,bajas
310371041,61945074,11824996549,4564159,61945080,3b5a4620-f330-456b-889b-f5ab4df8ea69,86aaf1bc-59af-40f4-855c-e43d46b95a45,tangent
310371343,61945156,04887699947,4547663,61894399,716b107f-1bac-428d-a230-27a87d2309c9,0785b2e5-1a05-471e-8e18-b458cc836277,fjernkontroll
310371548,61945203,16907097726,4501911,61945207,7dc0bbc6-ace8-4a70-808d-f65a1f6a7b16,468383bb-2a1d-47c9-b764-be5b9fa45b50,fastmerke
310371572,61945206,10906899308,4567140,61945212,1fc2cd51-96f9-404b-916f-5f9d0ac7da5b,3a65b657-689a-4ff4-b0f7-f01b3eb18899,kalddusj
310371610,61945218,04876998764,4515418,61794347,d4e8d306-2d4d-44e6-b4fa-64160844342a,964f1620-cac9-4ff2-8758-1ac711fdd01e,ambassaderåd
310371645,61945222,25836698056,4537043,61897271,e9cfeb9d-0ab4-4d94-b2b1-2681686a6f69,b7014a0c-025d-45ed-a03a-460d6b0b0a6b,ostekake
310371823,61945263,26827395195,4503017,61945273,99babd06-3766-4dd7-85d1-b023fd01fccc,1bb9aaa7-617b-4199-a24f-ae123054c402,børste
310371912,61945293,23924298944,4551841,61945299,de776bad-a13f-4b8e-85f9-231de260c5c6,9b52f0cf-9b15-44c4-ad61-96038638e9a9,garanti
310371955,61945300,29815096582,4550370,61945305,4a4c98d8-f7be-4120-86bc-8e85dab47411,2ecf3282-bf37-4421-ae5b-3f1b157d9b83,æresgjest
310371971,61945307,06876396120,4519378,61945312,5e81efe1-10f2-497b-b6f0-2530876f400e,1308ecfd-dfe8-4e6b-8780-0f421a0487fc,banke
310372110,61945342,19897698261,4504501,61945349,116c83bf-7d3f-41d2-bc65-e37ce866039f,28c17dbd-c0fc-4a1c-b4e4-3a80cca1102e,praksis
310372196,61945362,27925694385,4543190,61945366,0dc10855-3b2f-4462-bd1e-b76318a63353,fd825a15-3144-4ab0-8d5f-262c8c8c6e84,prøve
310372307,61945388,14816099278,4502307,61945401,c90f6f2c-3892-4d34-81e1-064ac897dc94,087d20a4-b1df-4d0b-abc9-611b0798f5ea,parfyme
310372706,61945498,28928598804,4541942,61945503,4073df15-cd4a-4083-9148-fbdd0886bf7d,60480bad-0e3f-43b9-bc81-662ca24d5d8c,lyte
310372730,61945505,06909498730,4567234,61945512,5bc06063-46bc-43b0-a4f0-a4560122c343,6f84c5ee-4ee5-41a8-b8dc-ab06ad5700e2,kokeplate
310372811,61945518,08886799552,4550008,61945525,67c466bf-490c-42fe-b890-9a72e84b97e3,7bac41a5-dee0-4b90-be6a-e1946e8e395c,fyr
310372870,61945537,01839898165,4508937,61945548,651213b3-7e2c-4b66-a508-042af1e04662,45e704c3-632f-4d9c-b031-0e71c4a383ce,blekk
310372978,61945573,09896199142,4560399,61945578,935460ef-5f8a-4c55-aff3-746a247ddd07,04a0a809-2f55-4b2c-90d8-6541ebe832c1,kveld
310373044,61945591,21835595932,4541990,61945600,c6fa9956-30b7-4607-b70c-ded978977aea,8821431a-22c6-4d24-b35e-2e88140aaf1b,tomat
310373109,61945611,26909299453,4553540,61945617,a2577e3e-ea6a-47d0-85d4-9ac4bce0a7ad,4552e02c-57f7-4715-bdec-341c1caa1fb7,omsetning
310373214,61945637,09887799196,4564919,61945645,b7e9f8f1-523a-474b-a846-e864ddc35e27,6ea820db-ce59-436e-a64d-9abdec7016f1,fødselsdag
310373400,61945679,20845998842,4562497,61945685,73fb0d41-cdb0-4ed7-ba87-f13afe0d5c80,4a7ee35e-e25a-4a68-96cb-f32015b03c5a,bakverk
310373451,61945691,26924398972,4563689,61809352,96d87116-9de6-453e-9d99-86cb1f9f2947,e11930b5-dc37-4d75-a746-538dce86d9c8,synonym
310373508,61945701,09886895590,4538860,61945705,fa4f9027-9fbe-46e7-971c-32c8b83d86a4,f03f85d7-05ca-4c47-bd92-6b628a0df47a,bad
310373591,61945714,06927698534,4544897,61890697,ad63a97d-86dd-4f44-bfbe-464793fb369e,f4e88ba4-40d6-459b-96e7-0e07a8a5aa3a,lerketre
310373672,61945725,06846299872,4542004,61945736,372aa93e-caf1-4fc6-baa9-749773454c7d,110c97fa-572b-4bcd-b591-a61bbe610154,kulepenn
310373974,61945810,08897598079,4539271,61798430,7ee2790b-fb30-4355-baf3-97a091a5f85d,b1748f82-2cff-4e01-87de-b3c443ef6ad3,kilometer
310374059,61945832,16897999343,4565809,61945850,a8cee695-4bf5-4ec2-9309-ad49929c0a01,8703b6aa-b6c4-4ff6-978c-bd7a5cdaaffe,formue
310374318,61945924,08865297034,4523143,61945931,5eadddb7-51a7-41a6-9d48-5df84b64122d,4ab2870d-cdcb-4389-a968-fc0716eca039,guvernante
310374407,61945952,01827299916,4538410,61806687,051784d9-97f1-4862-9244-e3de32e2a583,66f2937e-4529-4454-a66a-3657783127ff,årstid
310374415,61945954,03826895798,4506107,61807614,fcdea1a0-ee46-423f-a738-babcc83ce6d2,a5a0be81-20a6-454a-ba74-ab54b3362d6d,lunsj
310374504,61945983,27928898585,4559362,61945986,bb822994-ff1e-452f-b9cf-4984062cbee7,b8e8f9cd-67e4-4143-b8d8-d1f1ce83230d,knapp
310374512,61945987,08816599742,4570220,61945995,f2076b9d-a74e-4870-b19c-4b8372070c56,999ce960-2aaa-4353-b876-8d77d7ab7899,retningslinje
310374555,61945993,13839396966,4532631,61946000,a7ee75c7-28cf-4c40-a655-2e3ab4d6629d,c0babec6-7532-4d0f-a68d-021034bbeb4b,dromedar
310374563,61945994,25846199783,4502681,61946002,97d750d4-2967-4444-b152-4445887d63bb,ececa8ef-3a30-44f9-823a-9321e62bc4b3,såpe
310374679,61946016,17879596157,4553965,61946021,2a9fe40a-30c6-4bc4-aed7-c26fa6139359,1cd30f1e-be76-4d3c-b0ae-d9d3b26ffa3a,alderdom
310374768,61946036,29908797254,4504316,61946043,3ce929df-089c-4eb0-a7bb-dfbb59540c6e,5d5a8968-4991-4aed-a7c4-77a8765e0072,nattergal
310374806,61946046,04845696964,4555223,61815621,6c45c0cd-5cff-47a3-b9f2-d22dcb0cdbe6,fcb64566-2fea-4b46-9c3e-f911622b922b,andrefiolin
310374911,61946081,24814298511,4555538,61946085,a7e97e1c-be3b-4780-a10a-e8088abe4577,28d4446a-3527-4fad-8115-5d076d74306b,kjerne
310375039,61946107,05814398368,4516345,61946113,9d149b36-ba9a-4a0b-968a-d11194aee13b,a10b60f0-ff83-49bf-8ce6-ffd45a2a2ccc,daddel
310375691,61753428,04866699777,4502160,61946265,ee068d1d-7e4e-450a-992b-eecde7358a5a,77972f80-e557-4fbb-88dd-6f6b2444de36,gjesterom
310375748,61946272,11846098366,4501983,61946275,98feb672-42d3-4bd0-8bc8-2291e7fadf90,5719f7eb-3ccf-41a8-b08a-fedf6c66690c,tomt
310375756,61946274,27912949740,4503994,61946282,ef879b9d-7293-4d2e-b53a-bdb8f9cf2932,8139019f-2a0e-4944-b9e8-4e88ebc3c5bd,konkurranse
310375780,61946280,02864998588,4511288,61859571,27888ded-ca8a-4b26-8393-7bd37b7b94e3,5e95317a-e6f1-4c84-9730-ba1087e9b4a0,klosett
310375845,61946299,06826099931,4502466,61765642,5c3815d3-cf63-4488-bf5a-30fa2a440c11,4ae61ef0-d739-4cef-b918-476e0e8085c3,arbeidsstyrke
310375993,61946339,29907398712,4551380,61946348,abca0008-e501-4f7b-8010-64465e64362b,9ca34713-5895-4b60-8336-5c13e7717847,panjabi
310376035,61946351,14874399567,4535060,61946354,233bfaec-c8e0-49b0-91af-8fc2f7726e2e,08e01e38-4a78-4ea9-83b8-529cbde47440,landsby
310376213,61946408,09909499108,4549592,61750937,c8830f59-6047-4518-886d-89f8fb43541d,67063bf1-16b5-4dd9-98ab-d66d1cff56e0,frokostblanding
310376337,61946440,23866599173,4544645,61946448,f6d5ac49-6f7c-47ba-b94a-f5e137d71afa,47d514cf-6c14-4e1a-932b-095ee348fe98,fødselsdag
310376361,61946446,01815898768,4508483,61946452,31833ea3-1401-4265-bafc-be174c7f7fdf,1b886b79-6374-4b03-b4c6-ca67cd9149d8,sjokoladekake
310376426,61946458,19915195191,4553193,61946464,0eee5f5b-a4fa-4cf1-a913-83db4504c05e,c026481b-5ff5-4888-9cb1-03bde0af3b5c,bu
310376493,61946476,22917298576,4559135,61946488,a206f5fb-c620-4bff-b83f-3fd84a2e0165,77586af6-c046-4b7a-a35d-74694dc8eb8b,adventskalender
310376515,61946495,23874797219,4541583,61930046,65cd43ef-fa59-44bb-b51b-6ad8c43514fd,f577b994-e29e-4769-9872-1dec1942eeca,bygning
310376663,61946528,04865098354,4506010,61946532,ca02bd45-6c3b-4ce7-bbbe-d6f37d499ec2,e92642a9-e462-405a-b538-8f30a3d35f00,motordel
310376671,61946530,29858898070,4565240,61946538,9c85545b-f9e8-4444-b70d-f4f52aab41d7,095c320e-d813-4ee7-80f8-5ff7a6e13825,guvernante
310376825,61946562,11877399100,4546159,61909585,bd158146-aef2-49fe-8804-440afcd9a3cd,6354ea19-841a-41f8-a0be-143a793953d7,hieroglyf
310376981,61946610,13816997105,4566515,61886208,3d8dd0a3-3f95-4cb3-89c1-d781f2e173d6,d5b8167b-b53d-4612-b58f-4edac05ca747,klang
310377023,61946613,06843549908,4564618,61946618,4e9dcf67-c7fb-4c83-94a9-80ef7b135b36,34a1081f-2a8c-4c12-8148-037ec6192308,billett
310377104,61946632,21858195176,4566235,61946634,ed92603e-fc3e-431f-b2eb-24bd0fa472b9,ec7c0734-1584-4a5d-bf4d-db95a2c59d1a,øy
310377112,61946636,03877497118,4563806,61946640,9cb1ea18-fe2a-4423-b5c4-3ea926f9d1b2,4331ef24-96e8-4527-9297-d8a6acccbdca,pinsett
310377139,61946637,14845096172,4534557,61946643,b6ec9688-3542-47cb-a407-7b7ec0d3cf97,961a8bef-62e8-435d-92fa-930356e1f54c,kunst
310377163,61946646,13855097693,4545087,61946648,5519f644-73eb-4ea0-abc3-68d1a66d8c32,0b52cffc-f20d-498d-b742-1917db77ffa2,kjeltring
310377198,61946649,16826297429,4539613,61946654,3f5104d8-23bc-446f-93e2-edb7c0a0cc94,86754c7c-dfd9-4c1a-82f3-cec15c10659e,einebær
310377201,61946650,05888799763,4543368,61777967,37a78f50-2414-43e1-b4f3-40c7b6682d19,4716fec9-951c-4a09-938e-a8da5205ca6e,akrobat
310377368,61946681,12887998351,4561699,61946691,8118704f-8add-4083-9669-8b8f28f09c1f,2a6c49ee-1cec-4ce7-bfce-d131bd6e785c,nepe
310377384,61946689,15877698901,4504697,61946700,12dd984e-08d2-4057-a926-655c738c34d6,7d3617d6-7882-4058-a0e9-730c739dcc3f,oppdrett
310377538,61946729,30869398981,4550682,61946734,c805994d-82f8-4ee2-b8e8-4c18c14eb555,c43ecaf3-eb3d-4643-b120-459a57eb3f4b,ark
310377562,61755398,06816394331,4571053,61946739,980abaaa-f414-4c21-a363-19406ba26f66,42ed1fc7-6fb3-45dc-b2d5-d976c1a12dbe,episode
310377619,61946757,07816597964,4551710,61874205,44a40434-354b-49cc-a35c-c7d936426c7d,e756fc8e-3b01-42ad-8416-4742d2f539c4,ovn
310377643,61946762,16906299821,4570328,61946768,9aad6239-be85-4333-b0a1-a3c561c78cde,65352947-a685-4e4f-8733-aa031d9b9ab1,bit
310377716,61946780,15824398752,4544997,61900470,969e610f-485e-4dbf-908d-d634b53cd676,c2b4ab0f-1954-4641-bd7a-3dde37fb27bb,dreng
310377872,61946819,01865096174,4565938,61946823,4cbb5b04-28ed-492f-870a-ad0e8b542f55,0cad5973-0208-4011-874a-e6484d9d1fb5,grammatikk
310377945,61946841,05857798114,4549298,61946844,2f71ff73-bbad-4abd-b548-15bee3e54e0d,64f3b4db-cf5e-4a9e-8428-d3e0b3b0140d,kokeplate
310378208,61946907,14836497563,4534434,61946914,855d4d3f-3c90-40d2-bcdb-8481281f7031,e64b0711-8bcb-47d2-bb1d-d789daba3e07,journalist
310378216,61946906,10905298580,4502687,61946913,7dc391bf-fd43-4df0-860e-3928d7936f4d,a370d484-ea94-44a4-80bb-bb6809a94542,bille
310378224,61946911,14817696598,4562293,61946917,bff2ce0a-da69-4e43-8e2e-b5210efae0d3,759fdfca-698d-44f8-8d0e-534d1456c55a,ungdom
310378291,61946928,27816899112,4503691,61946933,ca95a9ce-ab09-485c-bca6-a444eb40fcc5,75f792bb-ddfd-40eb-8f72-5ec6e7a9195c,konsonant
310378305,61946930,09905498301,4525866,61946938,f5cfe485-4a53-4762-953c-ced95e15b96c,e66bcde7-f80f-441b-998a-1007ca4822b0,sak
310378321,61946934,08814896278,4544114,61946941,68ad373f-bf95-4e58-9471-b69f327b0db7,10a6e5fa-1307-4cd0-a79f-37d237ded7b6,japp
310378364,61946945,25908499266,4537372,61817011,2ded5a52-8d4f-42ce-8ed7-984ed4772b8d,d5355770-7423-48ce-b1e6-4586e41fdc16,agurk
310378518,61946990,06855397925,4554888,61716966,79189f89-9fe5-4b2b-accd-f30719391466,0772ebfb-cf2f-44b8-9be4-c5f23cea69a4,gjerrigknark
310378526,61946991,14905099540,4535501,61946994,b2077c3d-125a-42bd-a832-d21f0e2b23d7,60379b38-9887-4738-8bf3-b1386bf59d09,granne
310378607,61947009,01857196151,4553650,61947013,ab34ba2c-6f19-4b53-a169-1c38ef0c4e2a,5eea5bc3-050e-46b0-9c93-b47bec1de454,bygd
310378836,61947075,13838097345,4560658,61947079,06caa06e-b3dd-4982-9412-70582e21063f,bf7ba98d-7716-4a0a-8747-8d370076fa46,geithams
310378909,61947087,11927197318,4502757,61947095,602a7b4f-28d3-492c-81f6-85ae5d1fff37,cb7bdaed-64b6-473a-b28e-21755efece42,jordskorpe
310378933,61947097,29835599785,4562657,61947101,03e8fff6-7872-429f-9419-6636bf8117ca,5f2e2f91-480e-4c05-b9d5-9aea9c75294a,diameter
310379018,61947111,10898099712,4540833,61761944,3cfbb8be-0f41-4e46-9a40-b2dd5ed0d4d6,9f949340-28b7-4f6c-a47d-acbba2b9a15f,kongress
310379026,61947112,27914598953,4549678,61947117,30c24f41-29d0-4c53-ac2a-2d6b7ae68a3f,61e6d25b-25f4-490a-a199-00c1c6fe713d,maur
310379034,61947114,11888199510,4529510,61947119,15d725d1-ecc6-4e25-9db2-9b678766c5a0,238ccaf4-4856-460e-b149-6036d2312bc8,metode
310379085,61947128,18839398952,4540059,61947142,10606dc7-a959-40dc-8bab-6e0db15f975f,5f722d85-e1f4-4a17-a4e1-55f1c9d2800d,vegg
310379190,61947166,24923449171,4569441,61947172,2eedab06-972e-458e-a604-6d7ccc766794,801edaba-c3da-4aea-845e-e45185741683,eplekake
310379379,61947228,21925399547,4540734,61760365,27469c7d-a790-45bc-8343-8a0cd66b6211,5c9b25be-3b65-4962-8cd5-46823da4d235,kål
310379433,61747943,22898499301,4566400,61947259,85087cf9-1e2c-4a7e-b726-5b1e3d20f185,317a973b-1990-42d4-b50d-a03d8123de6e,knapp
310379565,61947285,11914299103,4564501,61947291,11e18e12-113a-4c8c-924e-4b9af164bf93,c98be37f-516f-42ff-8841-1062c854ae0a,liggestol
310379646,61947311,01902949360,4505444,61947318,1618286d-eb26-4db1-9aac-f2e30220dfd2,a2b27172-d9aa-4eb3-8647-b35a8ba13c96,sønnavind
310379662,61947317,28864199129,4502251,61947326,b50466aa-3540-4f83-af0d-cb88fed0e312,6d856fdd-a4c7-4aff-a208-ea32dbee6e02,feltseng
310379697,61947331,10885498332,4550988,61947336,7b1a8c6e-3508-485c-859b-b2ad0750bdc5,bae1ffc4-1c7e-4a90-ad00-9fb02ea91b38,vurdering
310379913,61947389,19815797321,4549997,61947391,21a68352-2a3d-44c3-872a-da79d163c6f2,72c7bb9d-3f29-40e3-80c7-7c7e4bac3509,motordel
310380105,61947438,04928898526,4558323,61947447,aed6c0d3-2c26-47e9-9865-8227a9d298b8,126ef277-af1a-4b5c-a02f-32f4aca2d0a9,spasertur
310380121,61947446,27917297334,4540387,61866324,d6ad0ca8-f7e2-4605-a3a5-54a8bb83ffc4,1c48e694-fc75-4817-bb67-aec140d90706,pode
310380202,61947459,30878597334,4555297,61947464,d509bb8b-880c-4308-8990-5c4bbc0c3ff6,191973ee-3151-4f6d-888d-21f0715dff60,syndebukk
310380210,61947465,07846998297,4537917,61947472,82c350e0-9b64-4d4f-8e61-3f63a1fcc0ac,c4b703b3-1717-4feb-9b67-4794d6dbc078,løvetann
310380393,61947505,07857298793,4558227,61947508,f1d9f1a7-6945-4388-89bc-8e3d3b7ca806,deb168e3-df95-4ea1-a7a9-f2ac95d9d668,vannmann
310380431,61947514,14889497336,4561619,61708785,6b88538a-f538-41a6-92b3-f4fe6f60286d,d21ae3cd-b8ca-4577-be88-b471adba88a6,grønnsisik
310380466,61947522,10902648556,4503787,61947527,b179e1d6-bb91-4f03-87ed-5e746a224c14,1339bab0-1f6e-4fd3-9624-3c57ce4db379,enkemann
310380482,61947521,06869198518,4502814,61947526,76630ba7-e8ee-4d36-9498-1830619ca79c,f5412f3a-eacf-42e1-a9d5-3e15648d4474,admiral
310380601,61947558,02817698398,4541784,61947562,f1d895ce-80f0-461b-9773-141a1f3d0ca8,27c979aa-ba19-49e8-b77b-e5a4a2c77c75,penge
310380733,61947596,12878898530,4531337,61947603,18ef0d5d-c39e-42e3-93ed-0fc3f05cbe9d,8a303daf-da97-48ba-b27c-1b521751b627,karakteristikk
310380741,61758138,14858198330,4547825,61947605,06650ccb-aebe-4654-9b08-9f161b1d4f17,2a455652-04e3-4269-bc0c-9885a4d5c6d8,list
310380830,61947629,18875698105,4552757,61947633,5158d844-dfe8-4c26-af78-23ee43dd77c1,678c46bf-47b2-435d-aa67-2d23bd6a1d25,førstemann
310380881,61947634,18866397992,4552763,61947638,4a245e22-30de-41cc-b9f0-002516ce9f65,c7c8f408-185c-4dc7-9a7e-1326d16e126e,bil
310380938,61947642,13836799598,4554157,61947648,1a8ec221-77a9-458e-b1b3-0a77f7c97e41,c41a4579-8afe-4e96-8bab-b4815c5c1d4e,handlingsevne
310381144,61842028,25884898172,4550940,61947752,45b2b767-4339-4fe0-ba3f-2517640e6801,68f73b0e-3023-4cfc-ba97-9725450cdf75,timebu
310381209,61947761,30846199183,4548936,61947766,6682dc49-62a0-445c-8098-4a88f6242f06,762ab395-419d-4a2a-a585-c772a0f9a571,krampe
310381381,61947809,13904897943,4559966,61947819,f554aad7-5e47-48bb-8509-ea6a3b2f0eb3,8a8b1295-a1d0-40be-b91d-2f26689173f3,ballsko
310381438,61947821,01866699174,4509339,61770273,38f992ce-54f0-43a4-a67e-b2855df04d57,e38206a1-8b86-4186-a3d6-173d531c2df0,igle
310381535,61947850,20885399186,4502562,61947856,5f3058ca-6905-4d77-9b52-9339b5355552,d604c1e7-7959-4691-a2b4-bdb7dcc7e1af,bacon
310381586,61947861,16926498707,4555323,61947870,b39cba32-3d2c-493d-b760-b57bc49ec42e,74d69c3d-1bc4-4959-8a92-ec566fe55a76,detalj
310381616,61947874,02826498903,4562804,61947879,b6797b2b-f05a-47e1-a7e8-2046497dec7b,c59ea5d3-6cd6-44d7-8256-e222662e7d5e,agent
310381632,61947875,25866396305,4556298,61947885,dc405b60-6e53-4498-812d-0eae2927fb27,a4342fb6-300d-42c3-a784-c81348eee021,møbelforretning
310381659,61947878,26818299477,4567769,61947891,746c978b-0801-46be-8264-ae0741f4023c,d327dcc5-6a67-40db-960e-abcb8f8de69c,sommerferie
310381764,61947921,11916697122,4502479,61947925,8649a5c0-410a-4a6d-8f3f-5fe448e85bb2,af2a8e52-5017-4e66-9735-581e8d0a9428,kollisjon
310381799,61947926,12887795353,4542093,61947933,4eeb1bde-eaa7-4d7f-b292-fdb4ec8ff314,3cddf2fb-9a93-4dd3-af96-d220962d3499,torsdag
310381977,61717140,21927199219,4571077,61947972,27e988f8-4e82-443d-a349-06a83d3e361e,d46d0c6b-9d1e-4cd9-ad0e-5fb547ba7178,papp
310382108,61948002,31875399015,4569835,61948008,7b5b8a6b-668c-4732-90c7-324fb609fd02,947a3386-a7e5-45df-ba16-97587e1613e7,filter
310382159,61948014,09926699307,4526223,61948019,c83ff556-b634-4f14-be74-6b06af810d75,6932b229-62f7-41a0-95f3-da6cb5647e56,vals
310382191,61948028,10817296306,4551649,61948033,fa5d910f-4361-4800-b8ea-21132d65e2d1,e4e7526d-a713-4c04-b18f-5038295094da,gravimetri
310382515,61948109,27915798751,4553026,61948114,a602a99a-8309-431b-951e-4a9fd8b3a466,ef67faad-b02e-4690-891f-80d399c6736f,andrefiolin
310382558,61948112,08866197394,4502399,61948119,25135265-2b6d-4564-8abf-c0a59b73c7c7,3f5286d7-60de-4bbb-849c-402fa1cac357,historie
310382647,61948140,26836998129,4550816,61948149,5d635516-d76b-4378-a305-4f6df4bff01b,4e8af666-9175-4b36-82e8-ebba30587208,klisjé
310382655,61948146,02914797589,4538108,61948154,4b964587-5ada-4f3f-9920-6fb19441b0e6,604be033-3d3d-4ee3-8e6d-77484bbcb629,pendel
310382736,61948161,25908599600,4566249,61948172,db1f7952-fa28-41a0-a241-421cd955e92c,ed808384-1f7a-41dc-8233-fd1b74388508,trekkfugl
310382825,61948200,04837398555,4514782,61948206,82b5d943-2962-4826-96a6-13b5cfded26b,5dcad372-3eb5-417c-bdbe-a39a4d7eea2d,løveflokk
310382973,61948242,11845499367,4538823,61948251,b012a7fc-1ce5-451a-9544-bf5e6f30b0b6,9a65ea9a-e0d6-4922-b6bc-113641b9e982,seilbåt
310383066,61948278,10816297848,4549389,61948283,51730422-1e4b-49b9-846f-948eaae8d112,66496379-9d9d-4972-b644-8bdeeb33b9fb,hjelm
310383074,61948279,01836398358,4552224,61857190,c8ea62ec-392b-4485-9a65-5520e679ae7d,93df47f0-7f51-4d4f-ba31-25d929a956fe,jeans
310383155,61948305,03846799930,4512957,61948319,f4d09961-fdf6-4f8c-82cc-9650140a425b,6f286265-15a0-438d-bce3-e1aa8579cdc7,mølle
310383198,61948317,27875798168,4557739,61948323,d5bb56ee-49a7-42cf-b50b-c845ad2181e5,19bb8575-8742-4675-b1c0-20f0db0936f7,korg
310383236,61948326,10849496021,4551216,61948332,b2afe8b5-10c5-43a6-9f56-3f81da6d4140,f6486c7e-e517-424d-a41b-b4eba1d60a53,buss
310383341,61827807,25816298507,4562367,61948361,7b57dfa9-4903-4948-a4d7-402068d0d613,00028d58-4b2d-485a-8b6e-69c27f7012bf,legevakt
310383414,61948372,04828798567,4545959,61926237,d992d615-e837-4a66-bf46-a3894af35607,cb1e70fc-340b-4b25-882d-96fc7cb52e23,gråhegre
310383473,61948385,10856999330,4527048,61948394,6a1487cd-70f3-4f23-9222-872eed83cac7,a48cbfbd-96fd-467b-b4da-0ea1c4391e1c,arbeidskraft
310383538,61948395,03886497503,4553503,61751430,eff91770-eb44-4478-963d-ec76e475e0e2,75ee9f21-5bd6-44f5-a5ed-7b72f4cebe2d,førstemann
310383546,61948400,23897098989,4564743,61948403,c8526376-3625-4fd5-b4b9-2a17470ea195,aa1fcbec-ccd6-4be6-928c-f39c2ba1acb8,jordbruk
310383562,61948401,02866797547,4548445,61780255,404ed138-22cd-4747-a007-76c34e6ff79c,525103ca-ccf4-439e-990b-9557c0c528f9,krabbe
310383686,61948424,04897498516,4515766,61779259,254ace8d-4c65-4b28-a895-566863ca39fd,b0d4d159-efca-43d3-9a7e-9c2849aaaed6,katapult
310383775,61948457,01886396720,4542373,61948461,9a03aab8-f03b-4cc6-9c92-92d33503160d,9320b043-b5cb-4b66-9313-bc2c2d4de1ce,larm
310383813,61948463,10826796958,4526562,61948469,11b53d0f-b64c-4e1c-a338-622f90dc259e,13f91de1-ac17-4fa5-afb7-15604cecc0e7,juli
310383880,61948482,09925096307,4566492,61948487,e82cfb4d-da08-4776-a4c9-afdac393cb8a,caa1fab1-bc4e-40ef-bd44-f2684d345e5d,flyplass
310383937,61948495,05844599325,4536304,61948508,732f623a-cd60-48a4-bdf0-e9316352a705,30093c39-ebf0-4618-b592-b07e3e305e3a,township
310383988,61948516,05826099730,4546358,61765621,747b9fef-b814-488e-9a1c-b71127ec7cfc,a9e3a16f-9113-4336-910c-56b77a294b08,vaskemaskin
310384003,61948519,14855695708,4536716,61948521,b8b51a46-46af-446e-8c81-2910c8a60265,2d45cf06-0beb-4083-809f-286b16e558ff,ham
310384038,61948523,28903149347,4562817,61948529,3cf0b746-ea41-4d59-a2dc-962b2429edea,3b057061-b9ca-49e3-b484-836a0d2fb68c,dirk
310384178,61948557,09926895750,4555054,61940531,0d4354ae-9b9f-41ff-b2ee-ceab9766efe7,53f1c987-d910-4737-9c4c-4a7becb932b5,fjernkontroll
310384186,61948556,19823949556,4552557,61806520,d2e3f777-4315-44de-bf99-a23a1113a4ae,b8ff0d27-358d-4d9b-85c9-5aef8ed2a64b,hengekøye
310384208,61948562,07864399503,4521101,61948567,20512c6c-86e4-4b00-a8b5-e39e8cd39748,10f7c012-2fd3-499c-9367-1322d6935214,aktor
310384224,61948566,06828198368,4559409,61948572,5fa15e99-87ed-440b-b3f2-b9cc42799155,60632bdf-cebd-4a41-a090-7b9d4e168b41,årsplan
310384356,61948602,31927998362,4560768,61948608,a34bd6a8-df0d-424e-926c-49b2568014d5,2d1b12a6-fe8c-44e6-b8a2-c4e933b2b9aa,million
310384399,61948615,18906199536,4559806,61948618,64a7434b-ddb6-4b9d-96c8-0b9affb10833,7ecae23d-d163-4638-9ecd-4c82bcd18cbf,oldefar
310384437,61948623,04866897617,4557104,61948627,adca6836-ee52-4621-8b52-319b1fb07333,0b8a0192-f3ad-4d09-8921-77304d4aacc2,jerv
310384607,61948661,07866599925,4541537,61948667,77d352ab-0202-4bfa-81d2-0ec9f69c298d,7378ad9a-86b4-4c31-b91d-b03f2d344d92,lyd
310384658,61948673,22908598052,4503029,61948680,008bc26f-363e-4573-a0ca-a956326a1860,3941f1e3-4a36-41fd-8118-a2d0a485a312,kreps
310384720,61948694,22874296906,4563004,61948703,72c63e59-89a4-4268-91d1-9afe52d1848c,cb4071ca-b519-4ab0-9e2d-2df14b5f6f1b,persille
310384739,61948701,25854498714,4503461,61729584,c1ba4784-cb46-440b-aae4-d9ca326dee0f,d45ad6ec-0e13-4068-a84f-3a67a9fab405,myntsamling
310384798,61948712,05838197797,4554837,61948716,da1f6432-123a-4578-846a-63f25c44ce35,5ba286a9-4642-4a93-86e3-03687a99d908,følelse
310384836,61948722,21902849391,4547957,61948728,ecacdca7-8750-4a1b-bff5-658f04d4c8e5,a99f9408-4cd3-45d7-8d67-4b0f1053f0d4,bakepulver
310385050,61948792,02868498768,4545773,61948796,501aa140-37ea-488d-8b26-df4e3b330f37,89e0d644-b1e6-483a-b196-c77f65abfdcf,våghals
310385107,61948803,20837196508,4540475,61713342,153d9724-cd85-4d92-9d61-917d4d14d262,4d2005f7-9356-4ff1-9e7d-fdc098289389,bonde
310385158,61948818,26876597755,4546310,61948830,f48fd743-ae08-4a36-8521-7864a8b4c72e,263db637-77a9-4aff-b762-c5c6090bf799,vott
310385298,61948863,09864297398,4561826,61948866,870fbdce-1283-4639-a3ca-75a51c986ddb,1f6d4aa5-6dea-44b1-b4dd-2dda0a36ba80,storskjerm
310385301,61948864,30907997045,4538996,61948869,22ed573e-bbce-4ec2-a6ef-08ad06502dd2,f89c3464-d873-43b6-87d2-ddd515a6aee2,stafett
310385352,61948875,22915599528,4568949,61948881,89cbad02-4d4e-4501-94e0-96fdd6b5536d,41ee9dbb-53f2-426c-bfec-f4bf8d26b6d6,modell
310385441,61837413,22847099511,4538862,61806963,bcd0e398-3e49-440d-a8e1-88d4e63547ab,5a9ff9e5-de87-4651-897c-7a30639b51d3,telefonkiosk
310385492,61831971,17874998362,4560440,61948925,452634e6-c7d7-4823-a992-2df8e67d8b11,c3ee22fe-93d8-4ac8-ba0b-827c34b33d6c,trikk
310385859,61949022,27913048917,4542340,61949028,f06178ce-51ee-488f-9937-3a4adf1fca45,8d0d5c28-c005-4971-b607-3fed0b95da7e,globus
310385948,61745913,05846896106,4541572,61949042,318f0968-5f38-44cf-8a22-cd70145efe46,a77817f1-a485-48df-8781-9d9bde5e424e,natur
310385999,61949051,25886295319,4548091,61949067,89fad9b7-20be-4f18-ba86-704a07ca944b,4020b8cf-b01f-42fc-bafc-243c6ce441f3,forelder
310386014,61949069,18875197599,4547527,61734457,6c8442ce-0340-43dd-bfa2-5499520e1412,d31f37b8-a1f9-4eae-89ab-0f654ddd4cfb,dagbot
310386022,61949071,17885296939,4559980,61949077,340cd942-3e65-44b8-b183-e53d7454ab8c,19fa1ca3-fea1-4ecf-9cf9-4d1dfe19625c,kateter
310386030,61949070,27817297205,4536551,61949075,2e669416-35e3-4b18-87bc-a84f9a6e7ff7,6a92f42d-3482-4f9f-8af3-66a2074296d9,sydvest
310386049,61949072,26827199337,4568826,61949079,8ab5b2b5-28da-4607-a936-3f62354bf9ad,7df8ff6f-20ea-4235-9605-fe8daba277d4,karosseri
310386057,61949081,27877096853,4546820,61949087,d990e290-40dc-4ef9-9310-530ad5aa62c0,412e38ae-9d42-448c-b19e-14855124cb90,linjal
310386103,61949084,18858997530,4555934,61949091,d90baa3b-9284-4bca-b7c1-cffa4fa566f4,36f3c8e5-21ad-498b-8ed2-dd7a093fd330,matvare
310386146,61949097,13845297120,4546051,61949100,199e867a-f44b-45d5-8737-3a81a6bdd5bb,51d44b62-aa0a-4f80-8795-3fac415f7cce,bad
310386154,61949098,08916398884,4570722,61949103,991ba15b-662a-420d-96df-a428f0e39239,483b61bf-63ec-49d0-b649-b7b00f7acb9a,bagasje
310386235,61949118,03917296048,4565893,61949127,fca96d8f-edd5-43b7-b3db-d09904b9e940,2107430d-6467-4549-b9a1-53f090360520,kattunge
310386375,61949164,17869297917,4566500,61949169,4ece9fd9-78c7-412f-86d9-c49cb278bd96,6667695f-399c-4baa-84ef-8193118bf71f,township
310386464,61949184,02888199821,4511705,61949189,8978efbb-27a7-4827-8d6a-a9743c288e89,d438b865-064c-40dd-8430-73cb18dd901c,krydder
310386731,61949246,23830097724,4540143,61949250,dc6b6288-7457-406f-a280-de81db5a97a5,28161f84-ff26-4ee0-ab29-0606b68aba09,bil
310386782,61949249,12854298370,4530880,61949254,76974e98-158f-491f-a15b-4611ce75d6b7,bd98e302-9561-48a7-9311-a5cbda5987cd,omtale
310386812,61949257,26816198010,4549051,61949263,0f191dd3-630c-416d-9e74-bb4d1d0c43c4,6d11e5e5-8168-452f-aafc-e49828c72b11,lugar
310386820,61949258,29907395837,4549755,61949265,57dc30db-866c-4a5d-8cf4-841f7de6ed0d,ae6ccfa6-0f57-49be-9c03-aa043a255df6,brøk
310386839,61949260,30816697863,4537690,61949268,62d79dda-6710-426d-8ba4-26ff71db42e8,8d5d1c91-b43a-4ff2-bed0-a8c92c1d4a40,konvolutt
310386936,61949279,14924598965,4535778,61949287,2580e44f-9e60-439b-9dc1-8b52e67e68c2,1f0d70c5-8449-4554-beb6-05b24abe2f5c,formann
310386960,61949282,10856299495,4559614,61949289,6a4b3e6b-2e42-4f25-b3bd-a3a21bb01dc7,034a81b8-63c1-47d8-8728-345112dd79d7,kiwi
310387045,61949304,14856596185,4547200,61721824,c057949f-e2a4-41cc-8253-aee576c5aab5,7376b4e6-512b-43c3-8e2a-8adece96c546,blokk
310387207,61949336,13913149704,4538004,61949341,5d72f862-7e7c-4551-be40-9db1e8117a13,53a73059-f629-4cbe-be9f-8a6f22d16f5d,fakir
310387231,61949345,24858298241,4564253,61949356,a24e5fc8-f1ea-4819-8f2f-e08b707b0f0a,0f57b26a-1dd3-4d5e-ae48-9df96467cc50,desimeter
310387258,61949347,07834999468,4539100,61949374,66147c22-85df-4121-957f-167d06bd62c2,99f782bc-fa85-49ba-b4be-c8188a7020ac,hjelp
310387266,61949349,18817799279,4503140,61949363,d036c41f-4da7-435f-bbbc-da47e9a22a6a,2ac5880e-070f-48a6-a2af-a99faf9bec78,klappstol
310387428,61949398,25847699372,4559658,61949404,9aacaa0b-0775-4bb7-8019-da91d88538dc,fbb2dd29-174f-4bd3-83d9-305ecc126f79,malerbukse
310387487,61949408,07896598516,4521644,61949416,7864418b-7c7e-474a-9ca1-619a506f01db,df288b3f-d5e9-47d6-930d-2a2bd1d88eb4,geit
310387533,61949424,11847098475,4528852,61949428,5d529fed-11e4-4718-8068-863af5d9fa7c,341a1471-3fe4-4378-a06a-08c23c571574,mynt
310387568,61949434,15917094206,4539714,61949439,b956e09f-725b-4b39-bae5-69d3fc057d02,b38f244c-aac9-4203-bc37-ad022f1f6247,sentrum
310387789,61949491,31855797502,4558329,61949497,d32103a3-4793-4707-9172-21a6b1c488f4,e5b86469-1fd3-41a3-8c18-473ed077c987,krokodille
310387835,61949506,27839999521,4554235,61942828,dff8409e-6314-48e7-ae64-ce913647987a,1e012db4-b752-4f07-b909-c38aca057b2e,gråhegre
310387959,61949533,22885798172,4552258,61949538,d433128b-869f-4643-af1b-7817b6b0144c,217f0d95-86ca-4725-824f-4599185257b3,bær
310387983,61949541,03835399515,4512772,61949546,7a64ccfa-19e8-4d66-9fa6-8d2cbc53a58d,f312c46c-6f89-4936-a41a-fb960037f61d,etappe
310387991,61949542,03827096562,4552965,61949551,043276a3-947d-4173-9d30-205f7cc43bda,15cf22f2-2b26-43f7-980d-842832166db2,saus
310388084,61949561,20826598736,4556581,61949568,bf4cd1e3-9f92-4c7a-8520-a7e43dd3249d,f649a61f-3597-4f85-85c2-416128f24c77,mandagsbil
310388114,61949570,04856996773,4505851,61792563,0c122703-3538-4952-b207-1429d1ccb2d3,2e719141-ed2c-4588-9002-81099e3897bf,ekspedisjon
310388238,61949608,23886896735,4538523,61949612,7aca90b1-2813-4c48-b2ed-4a3c6a71520b,9b96599e-39d3-4ad3-becf-c89b20fb0ae5,rulletrapp
310388254,61754379,02836097389,4563257,61949615,1484ce22-3348-4955-a3e6-ddb5c8796868,b130a4a3-b132-46ef-86d7-b675abda8137,persille
310388408,61949644,16857298725,4570691,61949652,1fafee53-64b3-47cc-aa04-3d5294a41ac5,54b98b3f-6306-4332-9f42-708cac0c4c18,avokado
310388432,61949654,02845798160,4551101,61881243,37ab0341-3979-40e3-816d-0227e9ba9df5,4779ee67-fc43-4166-8bab-df43c75fda26,oppvartning
310388440,61949656,08927398398,4524193,61949667,cbe271af-3ef1-4b45-9d80-3e189f52f0a3,f64a0155-3fa3-43a0-97ae-c4573b280e6e,lugg
310388475,61949670,03929197967,4565221,61949672,b9261fa2-de7f-410c-8fa1-a5da48d0dfaa,8174a463-c40f-4a96-9cdf-6467fcc00d1d,tiger
310388483,61949671,16836699150,4502153,61718251,4e8ec5cd-1c7f-4918-9905-ef8a269f007c,4606ab6d-85de-474b-b2ae-93b115c583bf,knapp
310388491,61835945,29849198406,4542341,61949682,64abb094-7763-4385-8e3f-adc3cfb3c928,caae7bea-c37d-4576-ad74-b64e0a0b939d,frukt
310388572,61949694,11826098629,4561288,61774366,e5b50ffd-db2d-43b6-be16-86cbc28aff8d,d783018b-2f4a-4d3a-8996-f68d4657152e,adresse
310388718,61949736,24859397669,4551794,61949741,dfa45fa1-391f-4964-8915-a843b5d79dde,93633384-6d6c-4105-a47e-f2a3212cad2b,dirk
310389110,61949839,09827196174,4546875,61949851,8b92527c-bb10-42b1-9da0-18b8ccec3954,247483bd-bff0-45b0-87c6-25686385c3b1,pausefisk
310389390,61949915,02856298941,4560842,61714243,b5b47d44-d33a-457c-a84b-4d15de8f9565,a5c0465a-d025-4e1a-b326-1f0d4921456d,motordel
310389420,61949918,12919699904,4531994,61949921,f2bdcf51-288c-42fe-8728-c8c4e7860e2a,0253af95-f669-4414-9b79-b99a8367f81b,andrik
310389501,61949938,28922748510,4560306,61949948,6d5eeb29-97f2-4321-a5dc-1e997e462120,fd97a323-b9d3-43eb-a289-1febbca626e6,fot
310389587,61823528,01836697940,4508860,61949962,a40e609c-c00a-4900-b47a-67c01437d4d1,8bdb9c27-6bd5-43e2-9c72-ed81a62d0753,badegjest
310389617,61949963,10856494964,4537922,61949965,acc507f5-669d-4508-accc-e282ae9f79c7,6e4397ca-56c8-405e-b8cc-4e9a75b95c3e,vaskemaskin
310389684,61949973,11825699319,4549329,61949980,7c8bbd54-e1bb-403e-9e9e-351bf879187e,c6ba52dc-cfb4-465d-a2c1-cb0eef1177e2,fattigmannskost
310389730,61949985,22867996412,4504885,61851377,959a13f9-785e-4c04-b3be-85a9d7de2346,71d49a29-f290-45f9-9388-6f4258c8d25e,ambolt
310389773,61949993,28858995681,4544241,61949999,014f0a2b-98df-4f6c-b73a-60c6724fd610,bd7e9383-af69-487a-afe9-ea89278fb9e2,åker
310389838,61950003,25929298287,4556300,61950009,0eb5d727-5b6f-41f8-abbb-8a127dfa24e0,9ec077da-22be-4b1a-ab3b-a83325dca625,kjæreste
310389846,61950006,18847096841,4564902,61950013,0bc1c172-73e4-4688-8282-c17e51f787c5,b651f194-1237-4d3d-a6fd-26cd36c443c1,oter
310389900,61950025,02820197936,4554895,61950031,506e20ac-4e14-438f-b261-fb9ded3475d8,57372427-f51f-47ca-b5bb-2531b091cebe,bytte
310390194,61950085,30856598515,4569181,61950091,86899327-19da-424a-afa9-774d6297bb70,77441b70-7175-4931-b12e-d478d96fc0a1,finale
310390224,61950089,02827195831,4546011,61722613,3f349835-17d0-425e-83e0-1fd328afeeec,0d4b302d-4060-48e5-b0dd-e1fdc09a007a,satellitt
310390607,61950177,06877898154,4546082,61950180,2c1f44ee-018b-4880-9758-f3ba978cf4c3,3508158f-09f4-4fe6-8aac-3b030c82d5fb,jungel
310390755,61950217,10867095964,4502821,61929619,673c6ba1-5c5e-41e0-872a-edfcbaf4b6df,28126f2c-9684-4d24-affc-fdb1a0b8dd0e,japp
310390828,61950232,08916096144,4552453,61950238,6f30513d-061a-4946-aac1-ff9da89168b2,647e1deb-7a42-464f-b262-5662f4a905bf,varetekt
310390895,61950247,25915297571,4544567,61809504,b58dfcf6-969a-4269-baa6-63f33c465463,4b099bbf-6e0d-4bdc-803b-175625240787,plasma
310390941,61950268,06884999489,4552445,61950272,36a9b85d-d35e-4f2d-82af-fcf232e025a1,887388a3-293f-4103-9ce4-800e8b40f8f8,bakterie
310391131,61950315,22815698979,4539463,61704818,711c0b90-84ff-474b-887a-f9722c97401f,bc481a07-f942-411b-85ce-946a86828829,middag
310391255,61950348,20822945555,4564564,61950359,bc1f178e-2c24-4f5a-b9af-03ede4195305,7f064095-4dc1-4ada-8a54-1eea723f8fca,filosof
310391379,61950379,22902549106,4570611,61950385,a74888aa-38b6-47d3-9c4d-3c6ef1f23836,3aca703d-a50b-4906-baa0-92940e9d4f5a,igle
310391549,61950416,30834399179,4504361,61950425,5b945e11-1395-4535-abd0-edfc7f9957c9,f8e4c96b-1d2f-4175-af26-fc790d51e759,hai
310391638,61950453,30884397975,4551717,61903289,02712965-db98-4663-9e5e-97ee7635df9b,0b0d1845-f91b-40bf-acad-0f6dc0fe70d7,sau
310391727,61950482,16885598378,4557731,61735471,07141a80-e41c-4803-b45b-a0758aad57d2,d55a71d7-210f-41ad-9df8-1803f54f62a3,baron
310391875,61950530,17848199222,4550700,61950533,2358f378-3be6-4ed4-91bc-571b8093d51d,6d15ecd2-8fd5-43d8-8f34-8bd456a6de5b,lomme
310392014,61950560,26828399488,4502088,61950569,2c1c604e-bcb6-4636-a0ed-4973a5bfd141,17e00f20-abff-4213-b9da-509681fc1de3,grapefrukt
310392065,61950582,01913048950,4561688,61950586,805b0c0a-12e6-44f5-b923-af68c7614fb6,5ce0ec53-0c00-4b48-9ccc-8a005780f56e,bakkeklaring
310392146,61950598,09885896194,4525556,61950604,39fae48d-cb40-4add-86f4-fd9af150083f,ce88efcd-50cb-48cc-99fa-1a064cca966c,arm
310392227,61950623,13814796676,4569687,61950630,84ed58b8-9912-461c-9761-35bf62aefba2,fb500104-e5f6-40f5-9a84-c37a82dafe81,kommode
310392235,61950629,26810149093,4504423,61950634,1591e192-396c-435a-ac9d-9251d49fa946,6969cad2-d552-443f-8111-a7e2ac862a6b,juni
310392251,61950638,24898498677,4540375,61950645,9c4a4a51-da99-4d1a-9c9d-f674b3628349,a9bb3ae6-97ef-40d6-831b-d6e4a6529c46,talltegn
310392316,61950649,17869198447,4537220,61950655,33f36da6-d34e-4499-96d6-04439eee0600,73a0dc90-506f-4e40-90a4-c2b27747e6f9,bu
310392405,61950666,15893449555,4505161,61879692,10dda170-05d9-4a25-8f77-078184d3f3b5,f7657ee2-53f9-4d8b-9fdc-5a65f4ab279a,fattigmann
310392464,61824971,12915896705,4568967,61950687,492a7889-3ada-491c-988a-af12a02961b9,3de95c3e-e450-40e9-96fb-ebf7b00f8162,regnskog
310392472,61950684,29835299560,4502443,61950689,f5cbfc84-3775-4f8c-b014-5a05601c94a1,c204b7a6-3442-4e1e-8563-a1c1fe81b0ee,bøylehest
310392715,61950736,11904599680,4529741,61950742,711be42a-0671-4969-a01a-fc2634145df2,eb138d14-0859-4242-8d7e-dec03f331656,torn
310392847,61950779,03816799618,4543604,61950792,1051c576-d098-47ba-8536-72c3a5c89568,8fea544e-05c8-410e-8aa0-eb5f144ffe82,bokfink
310392987,61950818,31926397888,4550567,61950824,fc236817-1479-427f-8bb8-083d667e7cd1,0f4bb8d9-f7cc-487c-94b9-1dfe2b07a5a3,kaktus
310393037,61950830,13879999140,4547725,61950832,e67171d6-6c51-47b6-95f6-1aea40db1229,798a0778-6fdd-441a-9444-e3ee81339fa3,fasade
310393088,61950834,25915697545,4563459,61950843,2c53aa1b-59cd-4334-9ba1-3ce0d52a156a,d0511a8a-b44e-486c-a966-c44ca821c044,krone
310393096,61950841,05853049540,4554028,61950845,93871ed3-512e-4ff1-9c41-21b0f0f82b80,0ed281fe-f5bd-4ebc-a587-9a9077c157a5,møbelforretning
310393177,61950861,27884397958,4551247,61950866,4de0bd4c-30a3-4440-b877-d60a44b86bb1,a74a935a-3f00-4694-87a2-d6df896444ff,ferd
310393282,61950880,02915398599,4539106,61950883,739d7474-720e-474a-993b-ce9739ea7201,8e8bb2aa-8a1a-46a6-8a89-23ffd7ea03bb,arbeidskraft
310393347,61950893,09864499330,4525186,61950897,6c552fe3-cbec-43ba-8d08-66250aab7ab6,8e696fdf-1b0e-426a-8bbc-71ab81cc15ba,lyte
310393355,61950895,11886195119,4502482,61950901,8bf236c8-36cc-4598-85ad-70c6e120e682,1205a9eb-fab1-4c7e-b1c5-5ceda3190d3e,agurk
310393401,61819992,14875696158,4552399,61950910,c8b7be27-5854-4153-b3dc-16bd641541ea,71d4790e-3394-433f-a837-8e8c468d3037,original
310393452,61950914,30909299086,4551999,61950919,e802668f-905c-4e29-8cff-7afa1a5ce477,1efc14c8-7a2b-4df0-b202-053d610da252,ramme
310393460,61829090,10928798378,4549877,61950920,c9c917c5-7ba2-4a27-ab81-4cb848d5a750,e6ef8c8f-9937-4a98-9796-7320fb4c8d93,fallskjermhopper
310393509,61950923,10926099693,4528129,61950928,2ec2a5a8-90ef-4188-8cb8-5eceef34cdfc,4e22cd3e-635e-4328-8497-06472f967a1d,påpakning
310393517,61950927,15865898069,4505045,61950933,6da7c039-d964-4a7e-8443-2521e40b72b4,e83a3f89-d484-4e8d-904d-335594a720c6,ellipse
310393533,61950935,17847599359,4539425,61751382,67971a7c-d5d4-4426-a4e1-5a63f274a1be,18cc8296-331f-4837-9cd9-f234754f1c62,fryd
310393576,61950948,12829997736,4530524,61950952,54abe128-91e7-4870-91c6-aa0407f22144,42e0995d-4081-4d4f-8049-aeea673116c6,joker
310393606,61950954,26888399266,4566546,61729872,d46b4202-b226-44a9-a9a3-9e726af24983,4a42f80e-4afe-4a61-a9fd-bcda2d647c3b,far
310393711,61744153,28868897823,4503002,61950981,046e93d2-4a7e-46a8-9eea-22cd8f65161b,c8e280f6-1d90-4244-8de8-fe95c0be9462,doktor
310393762,61950984,15917297719,4567534,61950993,a3f5ada7-3513-4d3d-831d-2028a8c70e68,d54d5cc9-5e28-40cf-ba02-0764ea978d3f,maktperson
310393797,61950998,09907398347,4545130,61951002,cfe0b499-cb0d-47bb-89fd-38bbaf86e620,a0ac3025-d4f7-4538-934b-1cafb3e2b97d,forfader
310393835,61951000,11827298184,4554385,61951008,7939e234-ac84-4c1c-a20f-fadb565b45fe,4282956c-3dc0-4d11-84da-d25e6b6baae1,autoritet
310393878,61951013,07826295567,4503637,61951019,dbbdbbc3-d466-4e6d-8462-a77e6d3ec0be,e0b6deed-fbbe-40df-95fd-0f4502b23754,skrivemaskin
310393991,61951046,31855095656,4537353,61951051,1e94c6bb-8607-4764-b30c-807818d48129,e68e1b91-9019-43a8-824b-c98d0cdc4574,gudinne
310394203,61951089,04917899997,4539858,61951096,83544cef-e428-4e1f-8f11-7148c3b04eb9,d91bdcad-d556-4e72-851c-b294650cc7a9,ananas
310394211,61951094,10834599754,4526662,61951100,ce3152e3-fb18-4d33-8390-290bda7e1030,bde4a4e9-3e86-4f29-a6c2-f2d6515105b6,sjakal
310394335,61951123,02815998394,4556459,61951131,a6183fb6-353c-4d57-9a19-cf10a5868286,836ca1f4-a735-498e-955d-454e8d39f6d5,delepris
310394491,61951163,09894397974,4505492,61951169,62e4790d-ee3d-4f42-8d90-ad2825a4f1b2,10c1c107-9416-41bd-9cc8-cc8958bbda1e,mygg
310394548,61951171,09846399043,4501789,61951175,86e6fd78-e162-4656-8d1d-b79c5159cc77,f8e6685e-a066-45d1-9a9d-d34df53bfd30,gluten
310394602,61951185,04898399902,4562146,61951224,33d97eb1-b05d-4987-b755-13616c3d8bcd,634a10f5-6726-423d-88fb-84e30e64b109,stammor
310394653,61951245,27834599355,4559113,61874682,733912df-dae3-4ea3-a473-a72e61b81fc1,054b38b7-fbb5-4ecc-99ee-74740ef0350c,voks
310394785,61951274,05886097699,4569217,61951280,0b49908b-9ab5-489f-bf12-06bcb2da8aca,d30e4b4a-0c21-49a4-b659-093144f5f711,ripe
310394807,61951284,23847299916,4550666,61951286,f5614162-4ee2-40a4-8153-ad12db1e279d,e58baec4-1684-4fe9-8313-52d7f19246c9,omtale
310394858,61951291,28885398970,4566234,61752978,beb68748-0735-4d3e-b52b-3f0bbadfc02b,02f43a7a-e6fb-493c-a612-b3bbf5413894,statist
310394920,61951308,24863148932,4542019,61951313,f89dfd57-d6c8-495a-a026-e8ae794f7585,a60920e3-4ebd-4f78-b0d9-643a5726d220,elg
310395021,61951336,30904397721,4541289,61923517,fe3c321d-3c80-4883-a59f-f339abc791b5,d7e2e757-258a-467a-9d3b-f2ba1c0f35cc,bolle
310395072,61951350,18815198766,4554006,61951355,26ba1c84-7b8d-484a-9a82-8f0ce58ac6c3,e1d446a5-b08f-47bb-bdc7-b48793061e22,boksamling
310395080,61951349,10828498377,4556093,61951354,06013cc8-c81e-4323-899b-4a40d5beca64,3eb77ad6-255e-49cd-ba70-2133b6b1f374,plekter
310395153,61951365,27858299395,4564713,61951373,445962f6-0bae-4302-9023-4b7404c168d6,5810810c-0651-4ec1-9fa0-a5fef95c9f5d,gelatin
310395196,61951375,26819798515,4562184,61951381,35604f6c-eab9-4c8f-b9e1-5d1d438e4fcf,7c752e63-5cdf-4f6e-9f49-384bba7c3e03,hestedrosje
310395293,61951407,21828996956,4538517,61951411,19d3445d-dbab-40b6-8570-2264ac5d7b53,58228547-d115-4e81-86e8-6e21a0f61f9c,fyrstinne
310395374,61951418,25835699164,4567198,61951423,65638751-7483-4ad4-a1aa-1d76e28f6336,6f6bf7ad-804d-484d-a2c5-80420ade188c,fredag
310395471,61951447,29885398586,4558115,61951454,2078986f-4baa-4960-94e0-4204dfe851d6,519c9e3b-643f-43d9-893c-077f6be77eb7,senat
310395498,61746442,16896695774,4564687,61951456,0da2922e-fd9f-4b74-8810-23cf13d6965f,892b7529-9b8c-44fa-a4d5-b73372bf2044,klippe
310395560,61951464,19839197147,4559514,61951470,2293e768-9e99-4c43-95ce-e534a61367e6,3338aaa5-ecb7-416c-beb8-6847f65e3f59,panikkangst
310395579,61951465,13833348560,4503272,61897604,5bbab4d2-17f3-4c95-aa18-abf0288190fd,0ce9b42f-e9cc-4d48-a7d7-37652a46390c,bok
310395676,61951493,13907997868,4569588,61951499,e190aa4a-0354-4fab-9d5e-100e0257aa68,398d9c18-4b98-49ab-bba0-b4867c6a3455,borg
310395722,61951502,28834396558,4570819,61951509,b15e3211-e798-4a2e-a2dd-9677443dfbc4,301c5a0c-133c-419f-8fbc-5cdff36cdcc7,tja
310396052,61944039,02898899686,4547643,61951577,ba877900-25d5-456b-9002-fcadccbe3945,2bbc4af2-44a6-42cc-9642-0008bc4ab49e,kanon
310396486,61951680,10849397147,4526960,61951684,2061efe8-bd57-45a9-9486-1f0f809db44b,c98e9067-3528-4d3d-9c68-620b8b6b224c,juli
310396737,61951748,09856599822,4553613,61951757,85c1525c-cae8-4cf4-9fa9-f6129f44b472,314462b6-c405-4edc-b36f-516e749646f6,forstand
310396834,61951770,23928399338,4555730,61951779,a7d3351d-bd0d-4183-ab03-de4948bfbf62,788e7943-2c7c-496b-b97e-88d27fda191b,pioner
310396869,61951782,26817295931,4556397,61951789,af3a6797-66cf-43f3-bdef-2c5d5afb0a2b,64cbf629-525f-421a-bcaa-a5b2b5e2e352,asterisk
310396958,61951805,25905497351,4552901,61908731,748e5b63-df9b-4019-8f82-3d2b7df38009,35fc8bcd-8145-496f-8e71-3bc1678504ed,fruktbutikk
310396966,61951810,23876496186,4561780,61712621,fc07afed-ed96-437d-8c5e-ee572507773b,6dd527ca-ad0a-4104-bb74-f94633d295db,avstand
310397016,61951827,10857198951,4503995,61951833,bed1f176-cdce-456a-a325-e33aa2534066,771b3d93-b1be-40db-8afa-dec1908b105e,kant
310397075,61951847,26817298655,4549247,61951852,07135483-4fbe-4b02-86fd-c312d338d327,25ba3bbd-b86a-45c9-a06d-0e4affb195d2,rulletrapp
310397148,61951863,21895499711,4537255,61951868,3d59f574-5c1f-4faa-85fd-e28c0d6326a5,e6626b44-6447-4382-9fcc-5d47f3e8c0b5,ham
310397296,61951894,08828499425,4547275,61951908,bf8275b4-8541-49d5-92f5-c998bea7e8b9,c472b0a3-3e45-41fa-9858-5613a5b3df69,boks
310397474,61951948,06829799004,4518656,61951954,5e7ee584-e039-4cc0-8ebf-c732656d0501,457da2eb-c725-4910-b20a-3373b68ce1b2,hane
310397482,61951949,29839398962,4545086,61951961,138e9063-a031-4d23-81f0-c38331e929b7,ea1b13d9-030b-477f-8000-f8fca8d92cd5,pose
310397822,61952044,18866599188,4558444,61952048,24c717fd-5397-42cd-841d-b1d0d2eb777a,f30fdd03-a7ae-4e94-a6f8-69ca9433ce53,mønster
310397989,61952086,01865699146,4509317,61952092,8ada0806-6fc7-49c2-b83f-d29b3b48439b,133f7b47-cf8b-47a4-8308-9a437e9968c1,harmoni
310398128,61825234,28812549172,4563912,61952119,b11e8ad6-71d9-47fc-9be3-d62f6f12b767,80ba5c37-f97d-42f8-8c9e-8bdc3a91bc7a,andakt
310398144,61952116,19855799130,4547595,61952122,39af61d3-817d-4583-a1da-996cb48b4b07,1a39ce9d-002e-4a60-9996-9c8dd1b7c8a3,bank
310398217,61825837,28813449775,4536957,61952141,190e83c7-2c4e-4bec-95d8-37f3d2f95683,d7b6828b-ff21-48a5-a6be-3be031c6200f,badehette
310398365,61952168,01837296516,4556232,61876926,a805e2a0-136f-49cc-9ada-7e5882cea2d3,03f29717-5ebb-4116-87b7-935d42e55c8c,ballongbukse
310398470,61952190,17837595770,4504497,61952199,fa01e347-3c38-4f27-b51d-5c9a22ab1947,f34b5068-a34b-4aa7-8405-9db18afc1cc6,blekk
310398500,61952203,01828398748,4568314,61952209,5b8a8546-6709-43f5-8b40-fc4e62d0c880,2144c994-2379-4abf-befb-09d23549d7da,jordmor
310398519,61952202,29876498101,4548988,61952207,082c821c-786e-4c23-9ce7-48aaba76671f,a34377da-b2ee-4411-bedd-a8f28ec467de,lakris
310398608,61952228,30836895521,4547641,61952233,4e996989-b7bd-4be5-a226-82268644d0a3,b9ced249-1c4e-49d7-9af8-03046b407a32,korridor
310398802,61952278,09874696568,4560790,61952285,7e3ffa05-fa17-4094-8849-59b1a39e7d83,fb72bd79-a8f9-471d-af80-c086f73d473c,joker
310398896,61952304,15906597753,4567155,61952307,2a7f2137-af47-44fb-96e4-fae831d46f89,58dafae5-d88d-40f1-9404-6e414cd7cb6b,form
310399027,61952335,25928799118,4560069,61952342,1e0313e0-48f3-47a4-bbf8-e5e146330385,3bb7a320-8983-497b-b3fb-4f4339aa552b,strømpebukse
310399248,61952390,06840098654,4518829,61952396,9596ca80-5c3c-4b6f-b397-cc62f236aed0,fb0a961d-ee6f-4dd1-a29a-735a40c3a44a,lensmann
310399256,61952395,14894199181,4557026,61952399,16915ebb-bdcf-4bba-9c83-d39d3081b3b0,552014ef-daa1-488e-98d6-a35028ab0684,målsetting
310399280,61952400,04924996523,4541943,61952405,aa898d7b-7e63-4ed5-b960-0fd4ccde85ab,ce81a3f0-b98b-4840-8b22-d7e7fddeb477,mat
310399396,61952439,13824798324,4532353,61789408,42d9c345-6223-4cf1-b29f-5bfccf3240b6,75a677d2-b2f1-456e-88e7-867717b17952,dalside
310399493,61952460,29887998033,4503718,61952469,6ce7eb16-6908-43a5-b865-96793160b4b4,fb04e08b-f57a-4063-abff-c40d6271ca31,badering
310399604,61952492,26866798914,4554268,61952497,33bcb39f-bd42-4059-b267-de06e33da2c7,a368cd4e-9afa-413d-a922-a69d5f5fda4c,forstand
310399752,61952539,12867798925,4563367,61952547,363961ec-616c-4092-bc2c-b45abad6fb7c,e04722e3-8ff5-4283-aada-b697589a8a6d,månefase
310399795,61952550,18849499404,4570432,61732024,0f2d03cd-4c45-4eda-994c-444726c776cc,9b70096a-d3d3-46a1-9ca9-75d23971245b,ask
310399884,61952567,01857697797,4566187,61811633,216e1c28-b9fa-44e5-8352-c8ea84a53d6c,6ae427d9-c99d-4209-b7fa-36eef3fecf4f,søndag
310399892,61952570,05813049742,4549742,61811478,34d2a294-71e8-445c-89cc-6c8c001068c2,56066296-1176-4bc5-a281-81a117548634,dugnad
310400033,61952599,24882548534,4503075,61952603,af2de01e-d84e-4c8f-868b-7788bad5af69,078a36df-cd3c-439f-bfab-d21639a660a2,merr
310400041,61832234,17857197445,4504088,61952605,f46020bb-f6a6-4b00-927b-8cefabc574ba,580bff3c-997e-4602-bb77-6276b89aa9ea,parfyme
310400181,61952630,14833847881,4548171,61952638,c6050404-4fab-4e23-829b-ed2ce0ebb911,e076a02e-2f90-4c31-8716-f4d46b5c3db0,familie
310400335,61952670,22856498763,4552063,61952675,c9264c57-4698-401d-8ee1-da8a60a2cf58,0bca1d33-2ee7-4b96-9e4c-191b69f342e9,fan
310400343,61952672,01836797104,4567711,61952677,a3ad20d6-726e-4f92-a4a3-a7882f27e801,1a7b8d4f-0797-490c-8e95-824dd5698a6f,gjerrigknark
310400483,61844896,19906499528,4569440,61952716,25cf6612-4fd5-47b2-8f01-3bcf0f1af837,890cf40f-f18a-4120-a0ad-3fcae53ff05b,billettluke
310400548,61952726,07828398096,4505657,61952732,b8963d92-0ff1-45df-bb10-3481a8f659fa,4cbb1b85-4066-47b3-9d3e-71cbf01575e3,ærfugl
310400580,61952731,11878098988,4504733,61952739,f8efc0f7-2547-410f-9260-be843ed07578,8b3eea02-01cc-47c1-b900-03f80eb4ac1f,separasjon
310400718,61952762,11876398127,4538314,61810745,d3fe7d8b-b5a7-46f7-be8e-c61c5760e331,690868ce-1038-44a5-b13a-bb46f5d0af2a,pyramide
310400793,61952786,26846896359,4568891,61952792,754d2237-23f3-4f22-a60b-0566ddf7e8d2,02fb74f5-0f67-464c-b541-89b3f1553192,agg
310400939,61952816,21875999998,4537654,61952821,5fedee3a-f1ea-4e2e-af5b-f9922f409401,4b63e735-a317-4fdb-a00f-295dbffacd0d,undulat
310401013,61952831,12856399808,4550416,61952834,fdb027d6-f123-4734-a1cd-d331f6904e12,2e3c9640-104c-45f7-be48-3847c7aa69d7,kjeks
310401137,61952863,25877997718,4566486,61952868,abed8cde-32c0-4e1a-9d43-b089b07a4719,ab2ca32b-d9c6-4b4d-ae1c-b2403c42a688,meny
310401153,61952865,01814098369,4553894,61952873,c6bc4d0f-7180-48bf-8494-6aba13c5a8be,a65e4e0a-302b-40ae-a8de-06dfbbbeeeab,kyststi
310401269,61952896,19928999397,4546450,61952899,2b33db66-9d7b-4007-8890-7cb83b521e08,ccd79434-581e-444a-ba8f-2354deb87475,genser
310401285,61952898,25826895384,4570347,61952903,57e64638-c32f-412c-a41e-a1888aa8e092,434f56ad-ed2f-4e91-baa5-fa039ba1a6f8,linje
310401366,61952915,58848101166,4557520,61952923,a5c799b2-f98b-4b26-9c16-bd80748a83f6,928a490a-4db9-4acd-ac83-ae90d8ca8cb5,hage
310401374,61952917,10907099127,4549991,61952924,d56d33b4-d8e1-46da-9250-72d8aa85c9de,ccb139c9-6918-4100-9908-2af53865552c,grav
310401382,61952925,14887398748,4559629,61952927,a55b1b60-967b-48bc-9240-fc627b444a37,e1153155-7e64-4c69-bdf5-58179f06c5f1,krem
310401498,61952950,21916299564,4504964,61952960,6e0bcc1b-122c-48b6-ac0e-d7627cf01944,ee42228b-399e-4e2e-bd7c-53cec14d0538,halvsøsken
310401501,61952963,07886498505,4521482,61713175,6311ae57-ad58-470d-873c-f8aa122e25b9,1432ced1-4b94-4dde-b24c-ee1cd2986c8f,hankatt
310401625,61953005,11879898449,4529381,61953008,b5d53adf-ec77-4e25-a11c-defaa18f3695,c5ae3c99-11ed-436b-82b7-19866432e141,medaljong
310401811,61953047,28916196379,4541229,61953051,22eac5cb-f5c8-4b71-b350-8cdb999aa799,578b08cb-ae81-4b25-8797-9b0c7fb624c5,biograf
310401889,61953064,25819096549,4505158,61953072,5ed07c30-42fc-48e9-a464-409ff74e8d9d,c6d6e9c1-068f-4610-a07e-41ebc54f605e,vogge
310401900,61953074,31814898329,4541936,61953079,b8434b43-50e6-4aa0-a471-2228af0bdb1f,f9743004-fd56-4ce0-99d4-18dc1aa9df89,fartshump
310401994,61953098,30857197190,4554199,61953105,809f48d2-24c4-4314-b9eb-5bd47c5a34e9,78da9a7f-5d0c-4d2c-be4d-6a8d8f636e99,bøk
310402036,61953119,27895998503,4550715,61953122,3f9c4478-0eec-4498-96b5-fa38be335764,ab853bdc-13b7-4688-9fda-b353a5bfbcfe,plast
310402044,61953120,11884699330,4559659,61953124,23d13cd1-616c-4926-9d68-c2d424f6798b,73007f16-fdd0-45a6-a01b-1fe6372fa2e9,original
310402117,61953140,14818598859,4534113,61953145,d064d967-337d-4238-8658-abde010489eb,705f7833-14af-465d-a0df-e088205a7cc7,idyll
310402168,61953148,02918096933,4555670,61953159,169db1c0-7170-414d-8694-bc8842d95bab,2a207640-067d-4672-a549-91bb02bab975,kant
310402311,61953190,25917297013,4557601,61953203,867ff7e9-bac3-40c3-9d6c-ca3f811e172a,a0a2dc65-5b11-449a-a807-6b733b35c3ee,campingvogn
310402346,61953200,04826299733,4506206,61869395,add18ae3-bc4d-4473-ad6f-9664895bef23,712fba63-6252-4b2a-8b84-95871fd32f8b,kornsort
310402419,61953214,10887196759,4550614,61787660,35b4bfc6-a65f-424a-9925-cb623b0ef9f6,e30b4254-4320-4e97-9e56-a457fd410db4,sau
310402532,61953257,10876998950,4527381,61953261,3c1f42ea-2565-4eeb-b837-02d47b53a85f,66d8ff79-7f8a-43e9-8d51-b7c99731d2fa,rekkefølge
310402567,61953265,25814798979,4540001,61953272,e83ed7f8-8677-4d55-8078-ae47a18687cb,23d19049-43d7-4e93-9ae4-c0107d02046d,diamant
310402729,61953317,01927099256,4505806,61953322,aabd6d64-fc87-44c8-9be8-e5ef425f9fd9,fceb1ad1-2fd8-4e3a-9f96-e53e69e0eb81,årstid
310402788,61953327,08915696474,4550339,61953330,c670c3fa-6514-4d92-ac92-c98cd781de54,54ab8777-4eb2-4585-a34f-3cd77dc28143,sak
310402907,61953360,06844399756,4502634,61953362,695113dd-c05c-4d68-a5af-56587a983dde,a3cd673e-2d7b-4002-a8a4-8edf1677e4bb,diesel
310402982,61953381,20814896308,4539287,61953387,7893cb7b-c2e7-46ac-bd3b-319b595cc1dc,e9c37064-0df4-42b7-b2ad-88f90985c738,veske
310403318,61953465,28917195422,4568834,61953471,7edab350-9432-4a0d-bebf-d5938cb9b641,04864337-69ff-495d-b3b3-51539e520bd9,neve
310403350,61953476,02875296992,4541556,61953483,d3e108a2-e55c-4986-be14-cc400c885a1b,643de54d-b48e-40a5-8e0a-d1e3ed133bca,tre
310403377,61953477,20816298521,4505120,61775965,720dd7f0-a1ad-42f7-9213-fcd3eeddc03b,629b190f-f187-41c3-9448-6bb9e9ee7f1c,oldefar
310403415,61953494,24917599986,4561092,61953500,a9220e9a-d58e-4715-b218-47db54fae495,70d3e067-a052-4966-a364-67e5facb8ed9,konferanse
310403482,61953508,20918397915,4563113,61953514,5cbe1310-d7cf-4b52-80fc-04afe7f2e557,f0e473a9-0c21-477c-a2b8-185bb016f20a,rynke
310403598,61953538,01846996180,4509038,61953544,98b09cfe-ece8-41f0-a68a-dee27a0d7745,2aecf584-98e7-4e7e-95d1-4e58bee556ea,firkant
310403717,61953565,06876395175,4555797,61953571,399e7209-7e10-4bdb-b311-d8a6ff3dfd53,3dec0888-30ec-4e0e-9f7b-f034959011c9,jaktterreng
310403849,61953602,24869099445,4563929,61953608,80047153-5440-4cc4-9943-a21141352e4e,f0edfe9e-1611-4ab1-abbe-2f5fd13cf2ab,lue
310403989,61953637,26836498568,4559102,61953639,1f420e92-16d6-42e9-94da-b4f733fe72a6,6487879c-6df5-4e05-bdf3-7ffc55b2ed5e,gran
310404004,61953641,10854997373,4556521,61899301,5471d452-f140-444e-9d9b-d4eb8789c53f,6e67d90c-2d7e-4494-ad35-fe6f071ca6f1,flaskehals
310404012,61953642,14913449372,4569965,61953650,cf50c8b5-910a-401e-9149-64780db46bca,beafe0dc-66d1-4418-8b26-6556096345c7,pakt
310404306,61953711,18849599778,4559567,61953719,d69a50e8-b94c-4807-a7b5-dc1c65b4ecc1,de79b89c-e03f-481f-91d5-3ec229e321d5,alke
310404438,61953734,01927295780,4553445,61758619,2af152f6-84c0-4c07-a817-bf3c0351c930,62a8c26a-8399-407d-87f9-49f0e5f4309d,busskur
310404470,61755728,14847097346,4546762,61953749,cc54e650-9d31-44e3-8f0c-b7bcb67882a8,51923b96-f3db-4f9d-9188-927777333bf7,bregne
310404527,61953753,15916599916,4561722,61947687,5b9f4479-bd9d-41c7-9a46-a944e2a54397,7713ab24-9c02-4b1c-b9e4-b0aa4af26338,kulturplante
310404543,61953757,08926698908,4537760,61953763,15fdc979-d878-40fd-89fe-1d92a06e787a,064a3625-31fd-47ca-b1a4-fc5828ed3422,dykker
310404578,61953762,22916997357,4501858,61953768,93ffeab6-b8fb-4384-a123-8c6b0b2d2472,271170a5-5a8d-4c2d-97ee-31302c8f844c,felttog
310404616,61953776,17902647554,4544778,61953783,a64c3ada-d404-4641-ad89-70f598c5cc17,f36115a1-8aa1-4829-b79b-41add4c9cf0e,bøylehest
310404675,61829778,12827098181,4537746,61953795,f7fa325a-0afd-4759-bbb3-f3e5120b7df2,12f8ea0f-2c4b-448d-9535-077171538706,forskjell
310404780,61953821,28888198409,4556060,61953828,2515845c-9333-4138-b851-abdaa1734c28,362eab35-75df-434e-9c5c-b4f91667d303,lyte
310404853,61953834,26914398044,4537735,61953839,aeaebd18-da06-423f-a858-b9d2f0be1b33,4622ddd6-1a83-4bde-a61f-69c3eb335eda,baby
310405078,61953888,14917298735,4567254,61938503,3eb635f4-91e5-4538-8a97-eeeb2d035b8f,318345c9-a08e-481d-a16f-980c1d320584,panjabi
310405116,61953897,20913948336,4565994,61953901,e004f90d-4140-4f33-a8fa-a1066bdf4c98,005778ed-ab16-49c4-bd5f-51a4848f57ea,september
310405205,61953917,17917297282,4555396,61953920,0b99da32-1a7c-4ae6-9ef1-bd7dc264267b,7723ec60-8f4f-44d3-ab40-16dd5ccf8517,tiger
310405221,61953921,27857396826,4548064,61953926,b2c7c345-afab-4bf9-a944-bd235eed59fa,2104b962-7371-474c-818b-1a94a1242320,aktuar
310405256,61953923,10914598171,4553326,61953927,b2ab71c1-b1a0-43d9-b1ef-a782b932de31,4cfa2dd4-be3d-470c-97e1-341502bf5a37,kål
310405272,61840370,23835399990,4502877,61953933,52c181cf-7efc-42b6-ac2d-917904985c41,a924a406-e2e7-4857-ab7e-9e62d58ac228,deklarasjon
310405663,61954038,24875798584,4556016,61954043,29b1a8a9-f53a-40fc-8e52-dfcc5f3bc5d0,c04bf2b9-2cc9-4419-8afd-884054ec83ec,periode
310405981,61954123,16883947588,4567508,61954129,b7fa76f8-da54-4f06-a232-c5bbffb12d6a,f112d855-bff5-4c0b-a841-c7703aaa3077,alkymist
310406007,61954124,06867199355,4501763,61954130,61491d73-1ad3-43bb-a290-85df9fc487ef,65983b2a-1cef-4ec8-b290-9db90ca02e9f,plass
310406023,61954126,28906099758,4544386,61954137,e37dab77-53f2-4b8a-8419-59cc3bc860ba,8940a532-f896-482b-bde6-352d85814229,gullstol
310406066,61954141,25886595533,4547306,61954148,4b294f59-fc39-4e05-9b91-a0b7624305a9,90f44a1f-a2a4-4837-8e22-5221bea36ec1,pause
310406171,61741764,12866597314,4557762,61954175,569d210e-c44f-4719-a089-0fa230cbbb32,bc8437bd-e870-4cfc-8e56-428bd151b6a8,kamerat
310406244,61954195,19867499981,4561890,61954201,d78caa77-c58c-48e8-b8dc-7185cb4625e1,892e9a81-93c6-44a0-b72d-03e295459f6f,kost
310406511,61954258,04925099045,4537407,61954261,76fa7641-fb6a-48fe-b95f-c76d1c5ab7ac,6d33b3cb-aff3-46ad-9e19-5a1bb976fb7c,natur
310406600,61954277,19928399977,4541364,61954287,fd8de46b-cef4-4937-9eda-8b3fd429aefc,5bf99a6c-8538-420d-992e-82c911b26047,gate
310406627,61954279,26857199307,4539824,61954288,3e8e4ff4-bc0e-47a6-929b-4ab2d9be0217,74cd54c1-0788-45f0-9615-191ef342cea7,aktuar
310407038,61954399,15864799156,4544318,61954405,9151da30-5fff-4968-8907-9133a14a7c92,a264499d-0af2-41c3-9994-db8c9e3655fb,alt
310407097,61954409,13897496385,4570196,61954436,7ae3ad27-aba2-45a9-a91d-58f8b474b9a7,a61f2235-91e6-4aa3-9358-e197a2ce3b41,japp
310407143,61954446,24907598779,4569567,61954453,a971af02-2b88-4e1f-a5eb-c4a1844c3eb8,24aca7ef-1e76-40fc-b12c-b9977dc6a26d,aristokrat
310407240,61954467,25893449798,4556752,61954471,5d95985d-fd1b-4adf-8dbb-5cb9b3388df5,3cec8849-fc9f-4223-88e8-69d3b4e2c82a,analogi
310407267,61954470,31836296349,4554698,61954475,feea1998-0994-4e4a-a7f9-25dece84d286,2b0c71a9-0d46-4394-9220-86a56f6682cb,glose
310407275,61954469,09868598570,4547371,61954473,4cb45f7b-47cf-43e1-85c5-574ddf61dd34,ada6d792-11c2-45ca-8c76-30c46b141acf,forskjell
310407313,61954480,08824898511,4522433,61791933,2452a61a-ce12-4b9f-8d22-2ebbc3845800,197f514d-f64e-4a05-a2e0-65026fe0bdf4,tre
310407348,61954482,07893547996,4564042,61954495,85932a8f-9c8a-48c2-b047-f269d88e3002,88bcd8de-aa3a-45c3-ba11-0e9dc1f656d3,sentrum
310407372,61954504,03894899793,4558128,61954507,8f45cc9f-b684-4371-8606-eb33c0f81a0f,402187c8-a7d2-44a8-a70d-cb2d727166b1,veterinær
310407399,61954505,60846001924,4543218,61954511,22d0dd9f-9aec-47ec-ac45-91e621e973a0,df0f8e00-fcb2-4bbc-b742-f7cf6406203d,fjes
310407410,61954508,08866997099,4538279,61954515,e98b98e0-b748-4e23-8968-4f0b80d5291f,c341b026-5715-47b4-879d-aec4e705da69,permanent
310407429,61954512,06876898126,4564788,61776324,65a9be0d-31b1-4745-aad6-49bed2a22103,94edc5e7-3420-4786-b3a2-0ca937d85781,industri
310407445,61954520,03905799133,4513911,61703520,d8e6694a-d70f-4ece-bd48-0f1c489ac094,387836f1-6466-4582-875b-96ea23d9ff37,fange
310407518,61954530,10826799086,4536288,61954536,b6e14cf1-6c35-4217-910a-8b937511b12c,15566957-e11a-4c13-8089-e3d597c5aa0c,kost
310407526,61954531,18817199778,4570229,61954539,76e033f3-caa9-4675-a3dc-26d911c9ad7d,c3f008f2-0e8a-4380-8a1d-a7659522cd06,presse
310407534,61954532,07916598968,4542535,61954541,363c920b-6cb9-43d5-ba31-0e673a77f99c,369cdd8b-c2a0-4b03-bdc5-bf10f878a4d5,kartlegging
310407550,61954542,01897495119,4536286,61954547,633a9e77-76f6-4c36-b89b-70070cac424c,c1326129-f0eb-46dd-bea7-8a8f81d7e177,avhending
310407615,61820815,47826600744,4547002,61954575,fbd2310e-cf2d-4539-bb3a-b4d904114d69,af4b6312-43d9-421e-b952-97d90c5ed9e7,øvelse
310407755,61954603,04854997934,4536270,61954608,ae3f9e58-2031-4e61-81b3-5e75b690014e,b84f521d-7d75-4d4f-99ce-c246129a3dec,frende
310408107,61954692,07833248353,4539377,61954697,6213b955-c6b9-4eb5-949d-85d2fdf7191f,dd7654f6-94a5-487c-bb65-21ea1db0390e,bytte
310408115,61954693,13886998362,4568372,61954699,b52aadba-dd2b-47f2-b1f2-ef16297524fd,6e18ae78-3efb-49d7-a5e2-8e3f7f0819b8,marengskake
310408204,61954716,28927698554,4565281,61954721,71b25f29-d767-4fad-beb2-b75676925d2f,15e19342-0086-454e-a282-c9da775a9ade,ham
310408212,61954717,20825798901,4559298,61954723,6ae2636c-d07c-4aae-8df5-0093f9334f63,75ce08c8-26f0-4dfc-83e2-e044f5167105,malerbukse
310408220,61954719,19906297747,4505307,61954727,802eb415-20bc-448e-8f23-44295aa3dc30,4f884fd1-0991-4dc0-9f9a-7457d5cbc0b0,føflekk
310408263,61954735,08836897774,4548927,61954741,e1bc1fe6-6202-4af2-90c2-accf265918ba,da4dc34c-34ef-4599-86f3-5a0bfd4d3130,fase
310408360,61954755,07869899296,4521221,61954770,3a1daca3-9699-47b2-bfa9-c80a931d42b9,ddeafa30-e867-42ca-98e1-d306c26a350d,seremoni
310408433,61954780,06912948542,4519967,61767184,3303524a-ef59-42fb-bb20-6aec06f8c405,1af1680e-d251-4a97-b896-24fa210cda9d,bøtte
310408484,61954792,30869298022,4550181,61954800,5bb306b3-0990-4781-ab36-6d06d746e4dd,316cf942-c035-4311-8980-bad2eb754d87,poesi
310408646,61954834,26824199514,4557769,61954837,45fb5d98-8db8-4799-bb8e-783ca7e20f34,06794c26-8c6d-49d5-b63a-584363223157,ekspeditør
310408832,61954878,08928096514,4562563,61954880,0deb6473-ea73-443b-9335-c9c6211a54f8,0237034c-a642-4dc5-8e2b-40fbb44329b4,pes
310408875,61954888,24883749126,4569919,61954892,908277c8-0e04-4ce3-8dce-29e9c7660695,8d1f2cae-bcf8-422c-9ad7-6a84c5835099,bestemor
310408883,61954891,13814997906,4550215,61802624,94d7f9b0-b112-49bf-a2fb-0ceb4dcdad7e,967c82a0-6f4a-4162-8277-22eb94c0b32d,partikkel
310408891,61954893,24839399770,4538196,61954897,19f323e6-380f-4a6e-aeb3-63b5e5870117,d652afc0-938b-434f-96ce-af7c54e21537,klasserom
310408913,61954899,08868399717,4547824,61930299,f9d9350d-e56a-4445-aa67-732fb90534c4,17a84b8b-8425-4c35-9d19-f74173b4aa79,syndebukk
310408948,61954901,09914398948,4552900,61954909,551cf122-ccbb-4d6b-a035-80d8ecb53114,7586868a-6b49-4247-b6fa-d9e78c44856d,bly
310408956,61954902,23867297561,4503254,61954906,3311b955-3026-4eb9-a4d4-b4214e908788,29bd9cc6-c129-4955-8916-581e39ddf946,hest
310409243,61954980,30866298986,4568022,61954985,1b2f8c59-e8eb-4cf2-99f5-4913efa2b70f,ff82ab76-6b39-4f7a-93ff-94484c885826,skole
310409286,61954994,08856997775,4545092,61955001,131ce603-401e-4863-9826-a3637c42a0bf,7a85bb49-a540-46d0-92ee-c2091f482776,påskeegg
310409367,61955014,15818499075,4501899,61955019,a0f6c50d-8fb3-402b-8ed6-27379e5e4e45,6684b963-5d4c-4e76-9828-d53561ebecb6,journalist
310409391,61955028,02844198712,4538096,61955034,d6eeaefb-4203-41ad-90d3-9ae4da3546df,ab7e726d-62a3-43a8-b309-a15db62fdf29,sønnavind
310409545,61955064,07915699310,4553586,61955071,f4fa9ef8-fe4a-4e93-9ba5-268539a3ba35,39942cd0-b982-4726-a85e-62d91341c6f4,formue
310409588,61955072,11892648729,4563084,61955081,f7975da6-ce11-43b2-ab87-f36b0cf68e20,5ed553f7-254b-4067-8072-14c0a84cfab6,miljøgift
310409677,61955112,23874499358,4537383,61955118,9552d15d-a4e3-4479-836c-ae200a1cdb05,9cec74f9-bf4a-445c-9543-8c96428dcc48,cosinus
310409731,61955127,27819499204,4558822,61955137,7d4dc08c-ce04-405e-bd43-aa33b37e8a98,7b389425-5952-41dc-9461-a8396c8a2017,lerkefugl
310409782,61955143,14819496774,4536246,61955146,673fe74a-208f-4736-a746-2cc44ec62266,7a97b320-94ff-47e9-8553-5154f7021a95,gallauniform
310410012,61743034,03849499377,4568947,61955234,f4b0fa72-54a9-47cd-bb60-2aff4420f97f,ba78d0c0-86e7-46f5-a0e3-4a3798b23c92,lampett
310410098,61955247,12925497191,4540261,61938087,a290a9be-8646-4d53-99d3-e15170583d86,f480d096-9116-411e-ab49-f8bfeb66ffb9,kelner
310410152,61955257,03896299572,4513761,61955269,1a7e054d-2300-4ad1-9536-0fa3de5b6afc,d13e45c7-2133-4d3e-a60c-5687353df350,ringdue
310410187,61955271,13896398347,4541633,61955279,19e1fee4-1f6a-48c4-80b7-5f5cc0efb26e,61556e9b-6d12-43d1-be69-7cc1f3fc7190,snøball
310410209,61955277,08907397352,4564629,61955288,727fb2e4-d469-42d5-ac3f-a37ef3c3a3ef,8fa435e7-6e4f-4721-ae4c-cb837cc2cdfa,radiostasjon
310410233,61955291,09916899863,4506308,61955295,4345edf4-7aae-4a20-86cb-25abf83e75e6,ec2d18fc-f4a7-432f-be80-b5367a0f5f04,hestesko
310410241,61955292,03847499663,4512985,61955297,0f9f38a8-6d09-422e-867e-906176c3add9,2acde24b-e033-4b36-a00f-ffd32e1dfe50,breiflabb
310410314,61955309,14845497797,4556683,61955312,db34d1a4-46ad-44ca-a297-0d9cf8964747,eba7e91e-68e6-429c-b53c-6b4942110267,bane
310410411,61955337,01855596764,4539318,61955342,909caca2-8560-49fa-9b3f-5c7b364fb77e,295321c4-b1ea-49a4-9f1c-dbd35283dc24,permanent
310410640,61955386,28876999546,4553283,61955392,0dba26a0-09bf-4304-8d46-996a6084644a,6724c811-c155-4a5a-bf6d-c4264dff8936,sofa
310410683,61743361,28846399560,4549365,61955395,1dcc55aa-4ca9-4dde-b965-e005c5c01c5f,1b97cebc-3d2d-4ebc-bbec-3dc1c26eb2d1,servise
310410705,61955396,22854897210,4568922,61955401,1a6800a0-6e3c-49b8-8cfe-484300edc88d,38825364-2f71-45ea-8579-ae6de02026e2,karakter
310410810,61955418,13856297572,4504838,61955420,c7efa506-cbdc-4091-919b-73dfbbe3848b,51477462-acbb-4e93-9587-e21c9b281cdf,herbarium
310410888,61955425,16819296034,4549757,61955430,93e40bea-9fc8-4d85-91a2-4e8b7d4f4e90,e4a57525-2010-40fd-a44b-e32d9170a579,fastmerke
310410977,61955450,28869199240,4539354,61955458,f07243bf-651d-40b9-a675-bb30f98bed45,dd95ff8e-5ad2-41f2-9a76-e0baea1446a4,fobi
310411043,61955466,14845198951,4536597,61955477,dace76f5-0c4a-411c-962e-d28890cbda81,a414103a-04cc-4b53-95f7-3e8ab13a2cac,alt
310411345,61955552,13823449385,4502103,61955555,da7bf31a-ce0f-4a80-aa8a-cb73c21432d0,a3f44cb4-1524-4451-9444-a9e5e9bd7d3c,oversikt
310411450,61955573,06834598580,4518684,61955578,01f1d1f0-6fd7-4917-afdd-edd4fd7fa274,f1e9af79-d30b-4a44-bb2e-1e140a5cc73b,habitt
310411671,61955637,07817999977,4520400,61955643,73894bcd-67f0-4488-9c67-2ac75ec8f487,9f21f353-e456-41a0-8814-b052c2a23979,banjo
310411744,61955653,30815098109,4504083,61950282,81cb4e0c-99ad-4af7-b1ba-d6cbb40c5d7a,c367bfb4-ef7a-49da-9b4d-83cc41c6244e,albatross
310411795,61955664,16837499309,4547929,61955671,e7576e51-026e-4be8-8659-c6a77fe7caa2,3b636b04-ef17-41ba-ba0d-8b9528ed61ce,filt
310412058,61955730,30859398568,4503821,61955735,d38f6ca6-3ede-4a71-a1f5-248b6e608d97,0b1af213-8660-4854-88cf-c38c4e0d19a1,form
310412082,61955736,22866897933,4544348,61955744,5355d9b3-965d-431f-a411-c5e9909ee7c8,f4a32041-8199-4122-9440-b05862aa792d,kø
310412090,61955741,13815499527,4558456,61955746,aaf1c34f-5c29-4cf6-8ba8-84664fbe7be7,16810877-7873-435f-bcea-1bda06d650b0,daddel
310412139,61955756,09846398926,4551639,61955763,a07bbd59-88f8-49b6-9637-a9ffded9857e,b596c4fd-1ed0-4ec5-bbc6-36fd510e448e,leveregel
310412171,61955771,28822849549,4569800,61955775,9f0eaf58-17ed-4867-b213-d3f49da197f0,82d62107-c41a-4d83-97b8-1b4e08f62410,gulnebblom
310412279,61955792,11852848539,4528917,61955796,2932ffd5-0796-466d-8a07-e405007d78f4,7d31ab34-fc10-4112-b82c-164ac4d55fac,natt
310412287,61955793,22905894513,4556584,61955799,31e0d0c3-1651-4f36-be28-f03802e0100b,f73a49ed-e272-4ab6-ad20-92245d98ff9b,firma
310412325,61955804,30849095478,4568849,61955810,4f4fdd14-bea3-46d0-885a-c25adcb566c6,97744398-032d-4f17-b2fc-a3a275a021c9,invitasjon
310412376,61831866,03836994581,4543118,61955814,3094b733-a6bf-404a-8c04-41f53f822fae,a07e6b2d-5daa-48b1-bdb5-fccc347a6477,konkurranse
310412392,61821268,05815799315,4516386,61955823,7c30d035-5b90-4274-b4b5-4d43afb7d36e,4ac72593-a193-4882-8a56-dfcc9e5dfa5e,tre
310412406,61955819,07863649190,4541576,61955825,815a8f79-c165-497d-a26b-27a5e72d8a8d,c4b8b8a0-3c9a-4b20-ba8d-8de39aa4e843,brødskive
310412481,61955844,06845599392,4558122,61955847,8cd61598-9786-4f0e-958b-583527908ddf,1eff9e2d-48de-4324-bca0-90707013aaf3,søster
310412538,61955850,23876998181,4551800,61852626,ced34646-89a2-41d7-b876-37b3850fbddd,f6211944-f982-498b-a304-68f3f05f5a93,ham
310412597,61955864,20864299580,4537603,61955875,baf7e5f9-0c9a-400a-bd85-7beaa035d264,007ceb0c-cfb1-4839-8a0d-e39ad32db477,gelatin
310412708,61955895,07847897915,4520882,61955903,be0c13b9-249d-49f6-824c-47680814e3e7,22aec64f-5e06-41c3-85a6-9670e0a3398a,karusell
310412732,61955904,19846499701,4560612,61955911,94ea7d1b-351d-40c8-aca4-71a237fab849,5f0a8c21-483f-4b37-b08a-7fcca1c4d52c,bokhylle
310412791,61955925,01918097879,4564291,61955934,b760bc79-7bef-4ffc-bcab-b39e3005731d,9f0c793d-90dc-43ac-a9d5-47c755f09290,due
310413070,61955990,01908298795,4542372,61955993,e8c2d87d-fc8c-4bf4-bd85-c1e55037094f,92b83a82-150e-4497-a907-3b4336bb9482,antikvitet
310413100,61955994,10884997181,4565247,61791759,ac27021c-9f51-4ec2-a7ca-aef5c3edc6d2,5ad9300e-099f-43e3-929a-768edf7877be,eske
310413224,61956061,10897096728,4501647,61737187,968a4eab-1ba2-416f-8314-1dc6ee4f239c,c84e10d2-2b22-445e-951b-987f0653e5a0,pumpe
310413348,61956087,05865899124,4547127,61956096,1c01f1a4-bce6-4c85-98d5-fec8b551d12d,eaba3d18-b4bb-41db-a466-da9bada4b366,puddel
310413380,61956100,21926099946,4503798,61911591,ddfd5865-3fd6-4daa-a9f1-8caa12ce0d6b,540624a1-8981-4242-8d17-4750d1ec93e4,hankatt
310413453,61842284,30899297985,4570725,61956122,7bdf44cc-5df7-4246-80ee-ba17a5e68e7e,157d0689-1604-43c7-9355-5ea0370a835d,balsam
310413518,61956128,09825399701,4506277,61956131,61d472ac-43e6-4c2e-a9ff-8d7d4c9d0eae,b72a47e4-7115-4eb1-b807-af6d6faa894c,mandarin
310413712,61956186,03835698946,4512776,61956189,95e2b7a1-13bf-4b6a-b86a-b3d7f1caff76,d46a57c0-d0bf-4eb1-86b8-478e058531c8,nattkrem
310413739,61956190,04905599564,4568477,61785633,cfe5ac6a-9483-403a-b3b1-06f1be38d658,484fbf64-92f9-4ea0-b49a-38ff9d6fb1ea,ekspedisjon
310413917,61956247,08847396823,4544975,61956258,04496260-8121-4098-b954-5b36c64389b3,40b3e37b-b809-41eb-9da9-6c19ef795925,konjakk
310414018,61956265,16908597072,4549287,61956279,fa6d9a2f-475a-4107-a3fa-202fe9001e04,1fbe5e22-8f43-4c03-9d4a-9071321cef78,fluktstol
310414050,61827232,12907698902,4561042,61716900,bcf24018-26a0-415d-acf3-a4230ef4efb8,fc7663cf-6559-4bb5-bb98-c8e87a2f7194,blyant
310414107,61821789,19887897762,4538809,61956294,1fb00554-4037-481f-8608-e2ba5bf622cc,1264af94-581e-4fed-bf9b-21bb4d2af91c,flekk
310414115,61956289,14866297763,4545341,61956295,f967606e-e933-4980-8bdb-34e0602b82b3,70d50b18-9b40-4ec2-8345-6e82987b232c,gjerrigknark
310414123,61956290,03896198334,4537487,61956296,328ca97f-63d8-4246-853a-31ee12db8685,62b67725-9aae-40a2-b25b-f32a8562f7b2,harpun
310414158,61956298,06887098954,4565086,61729948,6bcbddcb-a596-4fc6-b09b-548d74ccf395,1f16b599-2d7b-4e7f-85a1-ce2167e3afa2,skive
310414301,61956338,06836099174,4518730,61956344,433f385d-80ff-4094-93b7-bd42021cabbf,f81df270-1baf-4b4f-9ea1-d31d551b8734,anbefaling
310414344,61956346,11917797171,4537251,61956350,9d15c3d9-d8b3-43dc-8dac-ea1f04941334,7510bf8a-9283-4931-baa0-50e8dcfb9126,frakk
310414360,61956351,20925798607,4557160,61956360,c8203dec-7a59-4543-94a9-de1f57d84d11,55f932ea-1dea-4036-a9ef-b597a7010e2c,kråke
310414573,61956420,12893347788,4560165,61815314,0926b486-e356-42ef-b57a-3ceceddb68b5,e2948960-4576-485e-81cb-1f8c6eab297c,abakus
310414727,61956458,13886497312,4554266,61956468,c0f21743-d237-482a-a90b-300da6a1313c,9242d204-823f-45ca-a8ce-a8ccc5e945a5,jordsmonn
310414794,61956478,04813047107,4553379,61956481,45b469fc-8e78-4f75-a494-c5aadd0b0fe9,f2b22fb8-494a-422e-ad1b-98ab8763ee3b,oldemor
310414921,61956507,11826898919,4528523,61956516,42d72672-8a71-46ee-a659-76b63acf229e,69bf3041-66e6-4856-9f14-c9817459fa4d,bakgrunn
310415081,61956553,19918097751,4501921,61956560,53345f84-b097-4b24-a65c-18583f5cbb10,a280cd45-8af6-438e-9fc5-cdcb02c00c3e,handelsreisende
310415103,61956555,08855199700,4522950,61956561,94a4b939-5d70-479d-b896-ef3561cbd483,df1ad25d-f750-4531-a6e2-f8c64fdd15d5,ambolt
310415170,61956567,21878698026,4564829,61956576,467cafe2-b92c-47bf-af24-cebd7cc164a8,2d56a7a9-60c9-4c45-afa3-c8cb9288a1db,oppslutning
310415197,61956578,12828398596,4563548,61956582,16122aa1-8feb-47e8-9584-7da13a5132cb,01a177a6-e6cf-4023-86a8-a354d3bda069,alkymist
310415286,61754004,22916996563,4569071,61956610,b0019b94-d5c4-4a19-892b-2c32a997fca6,771bb321-cb42-44a6-ae21-eb43718bac63,fasttelefon
310415413,61956639,15824699175,4536119,61956644,f964e56e-27c6-4e16-9588-1723a4f5580f,359a368d-bc3b-4a1b-bfc3-9628dc6dd5c0,busstopp
310415472,61956648,26815298518,4566684,61956653,096bfd0c-d013-4502-b0ef-cec3298b41c9,9434b0d7-052a-4ee9-b9ab-e9e68e2a86f4,handlingsevne
310415502,61956655,10855296905,4564171,61956663,8e175f65-228f-4a5f-8fb0-9badf2b0a1ab,114c07ed-d9ea-461f-b4bd-8811e868bc20,enke
310415537,61956669,19875798327,4550910,61956674,0393e291-69aa-4b37-971d-208ef7adacd6,a3e9464f-46d2-4967-be0d-d16edbcc5b6e,føll
310415553,61956671,04887997131,4506363,61956678,8d29c5ee-b992-450c-998a-a1af45135025,b01fd77b-d614-44f7-8bfe-f1904ca8639b,kamerat
310415561,61956672,04898398361,4502539,61956680,57ad7ba9-e0b4-4266-9a14-4488ada5402d,c0e541a9-d56c-494a-978f-238ef473b324,dykker
310415650,61956692,12887496941,4553672,61956697,8926d03f-c429-4813-af78-1c8ece803211,992feab6-0bb0-46ec-ab6a-fbdcfb5737b1,lugg
310415693,61956704,09922849746,4566947,61956707,0e245894-8781-4811-b6bb-6733f8b6d98a,434926d4-96ce-49c8-a2ee-3d8657e2d96e,servise
310415766,61956724,05859097946,4565050,61956729,e611dde9-4c40-43d0-9ed2-7a154767a1e4,0d1705fa-5f48-415e-b487-d98e49d811e5,kam
310415774,61956725,13924797317,4538869,61956732,c93b6f8b-199a-4530-9b0d-d58b8168b1af,60f257c2-5ed9-42c5-9b15-29bd322348c5,avslutning
310415979,61956786,23845599750,4539147,61956789,dc0c35c2-7638-43c9-9ec7-fbb8c297a04f,954ef976-6883-4eb1-93a1-ced7315cbd17,munn
310416037,61956798,19875196572,4563207,61956801,8eb48182-27a2-4404-9bdc-893ceb0c920f,230ad7a1-04dd-4be7-9090-56c30c1d505d,asparges
310416231,61956847,11914898163,4529904,61956850,686365fb-b60e-454f-a5e2-1cd0946cfb78,5b9e765c-748f-46d4-9bb8-e0356a64fb88,bukse
310416266,61956853,01915599113,4542080,61956859,a81b8d7f-af66-478d-8d3e-35ae70dce11e,d3687c88-edf7-4e47-b9ee-632067bdf51f,sol
310416312,61832308,17878997077,4553055,61956870,c40260df-f221-4152-a41b-7f8f782807c0,7353d5bd-59ca-4cdb-aa45-11a0018fddc5,badehette
310416525,61956932,18868599487,4502995,61956939,7ddf464f-52e5-4966-86e1-d0d4d62ed9fd,17216423-be20-4de2-a5da-e7cda8297f3b,mobiltelefon
310416568,61956949,04905497966,4544526,61956955,2de901a7-018d-456d-a4a8-3cd214065480,d81c55cf-2ffa-4db7-9c07-3f0ea8a7181d,aktivitet
310416789,61957011,02906099953,4558871,61782357,a4c0713f-fb83-4dc2-a000-08aedc9b4d5f,9007d6cd-5a71-4f39-9b96-fa73312bae97,dagelev
310416851,61957027,25908898608,4564747,61957030,2b3f810f-52fe-4c4e-890d-57a5bef77466,95407bc5-23e7-4ad5-90d1-0db9a3564761,rytme
310416878,61957028,07847697126,4566022,61957034,72a0480b-9c71-42d2-bd05-7c35a97acece,beac39b1-ee95-4a60-94e3-b2aa34ac31ad,borg
310416940,61957048,20868798360,4549856,61957052,6c44537a-76c5-480b-afa5-b6f83541cc8c,be222d84-6dce-465d-a37b-53604dfbc7df,brødskive
310416991,61957060,02855197947,4511138,61957064,4fee1684-2a11-444d-8e84-13ea51ee4d4f,d39dec64-c099-4225-8806-80070fe72b77,firma
310417033,61957068,03834798696,4549129,61957074,370e4193-79d1-4e41-b466-0be23453087b,9b6b2cf8-de67-4309-af14-a3ac4755100e,veranda
310417092,61957079,10842849999,4554029,61957084,e4c64788-8099-44ee-85b8-87bfbcd83ab4,444a2100-e431-4d29-ba02-3a43084f6573,gulnebblom
310417149,61957095,24876398539,4504950,61957101,e0bdb07f-54db-4cbc-a23a-a1309527a0db,c60db462-b58b-4b44-a306-b231ad99a21b,vane
310417203,61957106,04855797335,4544801,61957112,ef2158f0-9f50-4a23-96ee-051079754d13,36c03fd8-c1d7-4fb5-88b6-d3e4fe83c54f,alge
310417254,61957123,16896399067,4565981,61752115,3a990409-7733-4cef-a2da-41d0e1a20a0d,22fdaf73-2862-4cd4-92db-c952953ff612,kalddusj
310417335,61957146,10929197416,4562916,61957152,a60d55ac-4f39-4d90-a412-01c40ee9d2c9,bdb3b67b-71ca-4bfa-82ab-1ebd47fd8dc8,havsvale
310417378,61957154,26854799923,4503791,61957160,07f9d3f3-e5c0-42d5-ae53-6a17e2ea3fe7,daacb27a-f4f3-4b45-9279-939feb44f3da,bru
310417416,61957166,20849399390,4554748,61957168,c783c895-57fc-4f1f-ab55-5ccf6b32320e,92947981-ed7e-4a43-9202-571afa5cef14,karnapp
310417459,61957173,11878099771,4565414,61957181,e377e326-5bfa-424b-944f-4932a94e9bd2,0a366be4-19e0-4d08-b853-b90235c9f2d2,feltstol
310417475,61957185,06887197758,4555477,61957187,8e76fa95-936a-4c72-967d-1d9a2c6a375b,2b824b14-bfb4-4c1a-84fd-a710b2e40281,analogi
310417491,61957188,08869798925,4523246,61957199,3d0de50f-aa5a-4bf3-a8ca-04008bb3bb31,c3ced90a-18b3-4c7d-9e8f-dd6c38a91752,postkasse
310417521,61957201,02886099935,4537022,61947486,193fd4ab-a40c-4659-bfd1-f444fe8ed6c7,2b2b63b8-9afd-4994-a884-d4619bc9a094,kjeltring
310417831,61957284,05887299740,4517638,61957288,162d0d41-4706-44b7-9abd-63d4835845bc,aca667bd-5a29-4bab-aac2-ba8a4e0b6673,bris
310417904,61957298,12906298749,4559129,61957303,90c77740-a43a-4fca-b6e8-8e3a32ec0d5c,a1e3eb0c-4d8e-45bb-85e8-bc835fe90a1f,kornsirkel
310417912,61957300,20892649392,4543617,61957309,875fb753-97db-47a9-aee7-4384e790e764,3d8f4008-afd0-4292-a036-d10dce12a72c,havsvale
310418013,61957333,04896997799,4536230,61776390,a3400c63-2823-4b39-bee6-8e96ae293c2d,0eb499ae-2195-4fc2-848b-62374009daab,bevilling
310418153,61957361,23834098873,4548721,61957366,430642c9-b876-4957-badc-cb831f3435d5,4f5f9c17-f467-47be-8ec2-e5033ece4565,avslutningsfest
310418188,61957363,12886396579,4549800,61889579,4c875825-06ef-4c61-a3bf-751a1e5877c7,786bad2b-d31e-4c2b-a275-7d17de7184a9,astronom
310418323,61957398,08926896858,4555802,61957401,92a8a0c7-9113-4a6e-a867-ed0a261a6d58,6d2b82e0-c59c-48bf-a83c-7c2a50ead2ce,sjøsetting
310418366,61957408,12927698054,4539845,61905806,84891880-7808-4b09-b85d-68f830a241a8,16119a25-a0f2-43c6-91a4-3876a9b4b907,krypdyr
310418536,61957448,06888199525,4552487,61904373,e124070c-4bb3-4eda-9e2a-c24afe2905b9,16a28cdc-ad8d-415a-a253-b958f4fa9ddc,sekk
310418749,61957492,12846497313,4548119,61957498,d1d4ba7a-743b-4020-a32b-0bc2ecc03b94,e80f2362-ced6-4a68-a322-7eaeb4c49cb6,pute
310418846,61957507,01926699829,4510325,61957510,6d29713a-481d-4197-88df-4c6fa9541437,b1264b41-9c3b-4125-909d-e2b60b2bdf17,faste
310418927,61957533,26823447948,4552943,61957538,5a6e1db2-a430-4e1b-9795-5395aca41d82,84611a8d-5de9-49aa-b3f0-228bad41545d,badebukse
310418951,61957542,29844799355,4542810,61892602,24215588-d022-4a34-8c06-4c829c59c9f9,1f7418da-f627-42c1-9722-fc2e4bb4b875,koloni
310418986,61957550,03856298980,4513096,61957551,a3ffc0de-e0b8-4ebf-b73d-63d37d7f5d53,7d5591d0-e8be-4d9d-9705-c6054280a5ec,varedeklarasjon
310418994,61957554,12928095353,4504791,61723130,fa7ee82c-f102-4ad0-95c4-5b84d91c9ec2,807b56c5-aac8-4ba0-b6b0-3283e5376504,platina
310419230,61957600,09886396713,4541709,61957603,94240d5e-ccf3-487d-b4d0-639dc99b843e,db3c0262-6015-4550-b260-a805f94424b4,gluten
310419362,61957628,07875297842,4521277,61957633,397b6b17-4485-40e7-bdb2-b087e9848a97,bac4d0ca-0dd4-4ab5-aabc-df301a276931,pakt
310419435,61957649,05917398714,4550504,61846515,c877f0e1-36ec-4e1e-b5db-2b9109b8bc11,71104501-a752-4acb-9984-c207921874b0,kai
310419486,61754419,17865896379,4570166,61957672,0627fea9-d57e-4168-a2e8-ca54e6eae5d6,4e1668b2-dc31-453d-9fdb-cb454a9a29a2,gallupmåling
310419516,61957676,24898397439,4547016,61858904,d0d6fb26-3519-4873-86b3-593ff6624311,306738ea-4c66-4509-b027-e3c1612d265c,firkant
310419621,61957704,28864197975,4556129,61957711,7489338d-7aa1-4c78-bbd9-faf3ac683fcc,0ba91571-1bae-46fa-b9f4-7e32eb751489,hale
310419656,61957708,13894199142,4504057,61957715,a9c246c9-16a2-405f-bee0-7f9c5d2da5bf,9c90ed7b-6490-4c87-96ca-e83081442b87,møll
310419710,61957730,06843049751,4565986,61945796,4ff871b7-87b7-420b-953d-5c51ed95a0d6,2b87fb29-7389-4fd7-a164-dd9bf06043cc,bror
310419745,61957733,12870099957,4504415,61957741,7fe13875-3c1e-441a-9db8-3fe5eead9b27,a7cf002b-a84d-4989-b146-6d0c5654fc85,journal
310419761,61957740,12845898586,4544313,61720284,3805b466-6517-4f27-a3bd-e1d46aac94fa,2e9637e4-d453-451f-bcad-71dad6afe9d5,pakke
310419796,61745820,07876099769,4503487,61712942,f69f8d97-7868-4fde-8b7d-3f11de49a25f,ed60be32-e936-4043-b1cb-d51b4c86dcf8,agent
310419818,61957748,01919098267,4561569,61957750,981f71e0-d5c1-4ce9-b3fa-efc9ddf28606,0bbdc753-f653-4e59-aea1-267bd9dee72b,kunnskap
310419850,61957757,10844998924,4539111,61957762,0b7b7cae-573f-459d-b3a3-0dd7281610b6,3735553e-71bc-4c04-9d73-885618869508,pose
310419869,61957758,22925399829,4503228,61957766,b5e7c56c-27a1-4c8e-aa18-3be119c7745a,f407d235-202a-4b76-8250-d7201ae6e6c2,abbed
310420050,61957803,04896399794,4541674,61957807,7d70524c-ad23-491a-9896-61f5efb17ef5,d24ad4ec-e9c8-48b2-a6a8-0a078331cb01,tirsdag
310420093,61957813,11904997562,4539375,61957817,025cbe98-e4bc-4cb3-9302-285a70feff7f,04bade41-c027-415b-8c81-543d5038f75a,deig
310420158,61957824,05906499187,4558076,61858549,319f22b9-a358-4e52-ac10-60ef799a0935,1c98eb99-50df-4d69-a508-d9fc777ee03b,jordsmonn
310420212,61762863,13834898769,4548421,61957848,8882b81b-c52c-4cbc-9ece-77ba1f641ac3,727d704d-3f10-45ad-9be7-869efb21206c,konduktør
310420271,61957860,11858897647,4503589,61739268,7a149c20-e24f-4107-aa5d-f5cb2ef7b7e8,73ef9b51-deba-4a62-b563-30a8db5762dd,sjeselong
310420484,61957908,05866097528,4505991,61957914,76947f0e-18ec-4f93-9f2d-027981da592c,a4467172-f20d-4c4d-b120-3fc0c4f30452,genser
310420530,61746293,03856299502,4565640,61957925,ef99710a-0b3f-4a7c-9b3e-25c8688c3964,87873469-2ea0-4793-9f10-779d36472efa,gjær
310420557,61957929,25915198344,4565634,61957935,32613b0f-5b40-490f-8b80-712fda61584f,c7fb5a6a-3675-4cf7-95bc-8eabb705a3e1,stilling
310420654,61957948,02907598910,4544440,61957963,234f3d16-a228-4896-af45-2fc14b4a547f,72ad8a69-5221-40cd-b200-8657fce0c582,hymne
310420700,61957972,26816899507,4556591,61957979,f2e1e0ee-fefc-4c66-b7d2-dd862f73c615,f2da90d3-c588-4cb8-aa8c-b3adf8170e1f,daddel
310420824,61957997,07816197567,4553048,61865022,98740a73-e940-4f3c-a7eb-22b964cfcdbf,bf7f6846-bb97-4123-bcdc-19cbfc95d8e1,banke
310420883,61958020,01885496985,4560835,61761942,7bf55b28-0d9b-4270-8131-37d3f1ebd091,fe9ceba4-092f-4600-a352-2e3b9105b007,granitt
310420891,61844351,14812849531,4533984,61958026,dd458ee9-4634-4ff9-ba91-a29eeb3500ee,340c2db4-69fa-4fb9-95b1-593ae18756cc,omstilling
310421251,61958115,26885598772,4536554,61958122,5c587a23-8cfb-41b0-ab10-9176f4db1974,16428c4e-b89c-4602-898f-650e922c6d24,hobby
310421308,61958126,30921549675,4558587,61958136,98ab591e-69a1-4cd7-a1d5-61160147867c,4f8b5be0-4167-4ba8-86c9-d14349a42592,sjøsetting
310421367,61958145,07829397220,4520567,61958150,4d9fba2a-836f-4617-bd38-3150be0eefc6,e7e331a8-c2ec-44ab-be02-d4b06a4e264d,skorpion
310421588,61958208,11896999410,4545057,61958211,03a3c832-5828-4e72-a4a5-3fb95c9c9c45,2943402d-882c-4703-a6d9-ace1a50f0bcd,tunge
310421650,61958221,30837695941,4540510,61958226,b37c8eed-0d01-4996-abc2-788649956890,a488f6bd-aad5-4fe8-8a82-704721a106d6,dame
310421707,61958232,26815099965,4555383,61958239,43a2fc19-ca74-42ff-8b8d-973e924b350b,5cd8635e-1341-46f3-8e69-ce5e938993b0,kjepphest
310421782,61958252,08924897776,4554003,61775118,a7465621-1ca6-49cb-b7ee-554a10edb005,c2ab6c9a-3d2b-4c25-9514-ebc586485bf8,fasade
310421944,61958302,11867496337,4566588,61958305,001547aa-6248-46be-b0ab-4f1d3aadf04f,d99bab70-7fa1-4976-aa97-f7062801e0b7,ark
310422045,61958327,23856995569,4543437,61761049,56ad1533-4fcc-4728-b55d-5638741587cb,b3881f8c-e47d-48e2-93b4-a020d8dccf61,kelner
310422088,61958359,17878899733,4568280,61958364,ba9d3ff6-17b7-4143-8deb-b04e5b2bd53b,42494c23-c4bb-4e80-867a-37fedb9bf501,bøffel
310422185,61958377,06837999241,4562777,61958383,bfed7580-a34f-4284-a01b-40a3de403fef,a73fae21-0bab-4362-bae1-ecf736af6beb,advokat
310422231,61958390,28898997571,4536919,61958396,94b4fa49-783d-49d6-86b2-2a612a183a7b,a183aee3-08e1-44e9-96f7-2e529d53cd6d,loddsnor
310422347,61958414,21866997753,4558643,61958421,f1962dfe-7d7b-4dee-aefd-c6aad69946be,2321d556-1fe0-432d-9669-8ce00df4bd26,harpun
310422401,61958436,17924198737,4542329,61910061,289daa2b-1813-4aad-9010-61b4d967e90a,6e666796-d053-4c84-971b-137160415939,assosiasjon
310422495,61958453,30928698056,4545388,61958468,f28526ac-1ccf-436f-b418-4dff69d116d3,16d8a34a-cddf-4997-a398-be3bcd4fb1d4,femkant
310422614,61958486,06842647728,4563376,61958494,d5926c7e-6f4f-494d-94e9-9567f6c631a2,9fa5acb2-a461-4e1a-8bc3-616c2d8d8731,oppvartning
310422630,61958488,28836399651,4502449,61958501,86adda83-e172-4a1f-bac3-66a79afd76e2,42eea9dc-9e32-4dc8-9301-7cdf37504db6,skorpion
310422649,61958497,13856998392,4548348,61958502,60f1e9fa-dd90-41e3-84b3-d2eef72e6f76,55291fba-651e-4250-9f90-b4ba47cf0b70,almanakk
310422711,61958511,13847097307,4565917,61896338,c23ffa88-7b79-40fb-9d1b-38f48f5c02ab,ca7f7502-e91f-4cdc-a27b-a1ac1570b7f6,kant
310423068,61958599,25856797182,4562538,61958610,7d580f3e-e55c-4dad-bdd2-d0879b3c2c16,c217db01-1bd0-4655-8e93-77d1c33ad49e,porsjon
310423149,61958624,12884996951,4538138,61935968,49eabbbe-1e35-4797-84e9-7678826376d6,fba39d9a-6656-4bf4-b2a5-7c5fda08acad,make
310423416,61958683,05907099212,4506314,61958688,73fcf32f-fe9e-4488-affb-82a870daf410,05e2f270-18bd-41af-973d-45780684c89a,bokorm
310423475,61958700,13812849764,4537275,61958707,0d75cff3-4856-41c0-8291-cad0a7a66097,cb59798c-0ec6-4a4c-9dbf-f509acbb6f18,badekar
310423564,61958723,04837296019,4559665,61958728,90a7182c-e352-427d-9949-a60301277144,c582f26f-a455-400f-8c0a-4f00d897b5e7,merr
310423688,61958752,16913848520,4554942,61958758,70aba723-9b21-4ad3-86fd-f5d3e70d21cb,00311d2d-b6ec-42f6-87da-7bcecce7ca42,bjørn
310423742,61958766,08838298770,4522710,61958771,d2c0c251-987d-43d5-bccd-8d0d9d4ea730,9770845c-7dfa-4af2-833a-47f2494d8945,idé
310423963,61958828,09834898621,4550136,61958834,bc8fa442-1d56-4986-98f1-52cade3bc011,96adf9f6-9e40-497b-8ad4-342270fd76bc,indrefilet
310424153,61958870,29834399391,4569511,61958881,34043a7a-9602-4e12-a78c-5be0454a74cd,f5b41e78-21a5-430e-bff6-87eb16d7a3f5,bakverk
310424188,61958879,11925399576,4530072,61958884,5944920c-18d4-4aec-8055-232c6aa8c9a9,ab07d23c-edbe-44c1-9268-dafcfdf44b2b,leverandør
310424269,61958894,25835296396,4564077,61958899,7c824caa-6cdb-4a5b-afdb-5663682b9fbd,54233503-667c-45d5-8550-9e3574d4208f,aktuar
310424404,61958938,04834898565,4514703,61958941,7e87baf4-a2c7-40b8-a2dd-e1dee5c308b2,942e4d36-b143-4c1b-85f7-8d826dcbf96e,sjeselong
310424412,61958939,07885699140,4540742,61958946,94a87f03-2d5f-457a-af8b-e94cc2a3bf43,06b9cb58-fa7e-48c2-9692-a1fea0479025,scene
310424498,61958961,12917596709,4558003,61958963,72da7368-721a-4ba3-9364-58d47dc85f57,7028e9be-0714-4c3d-acdc-5f001bd25f43,tre
310424544,61958967,21824397136,4557293,61958975,7dd5a692-ee8b-49c2-9d58-903818e03eb9,7059269d-d1a6-48a7-b5bc-47c5f9861ed1,skyvedør
310424633,61958997,09887396741,4538353,61959001,7e3afc0e-b5ad-4692-a962-74bff77ae823,681f2263-f70a-4101-a5dd-9bec57fc5179,krydder
310424668,61959002,11826798817,4528516,61959006,5f3e2ca5-b16f-45f2-a7a5-c27692e18db4,015b2015-ccfc-4e9c-8141-49b407b45234,galleri
310424706,61959010,23856698734,4556615,61959017,8fc78fd5-1b6f-4bf2-ada9-9aab1131c11b,f3738ce1-28ea-4f8f-b65e-acb558de3cba,ramme
310424862,61959050,05815295732,4547614,61959054,1f8c913e-5ad5-4ed7-95fb-ac4b8449b252,e42ef8ab-3de3-4f99-a6f8-e87b21650592,klasserom
310425052,61959110,26828597409,4554599,61959116,a4fd7159-cb3d-4493-857c-0c496d9dd11d,512b94c7-fe1d-4d9f-995a-eaa6950eede0,byregion
310425060,61959109,18865399118,4553871,61954218,e32ef160-71da-4d6d-bf61-f1e582a7a5d1,b30cefdb-8708-40fe-8fd6-4698529c84f5,november
310425095,61959113,05867099052,4564604,61928475,3b4c23a4-c60c-4559-8358-635635d96587,9b5e726f-efe6-4a99-8969-a6f47b9d1a72,abonnent
310425125,61825786,10895599560,4504831,61959129,d29b6beb-6f63-48b9-91a8-660ae5e1963a,7be4e46c-d28e-425b-8c1d-72b43948872c,pakke
310425451,61959217,15912849942,4505036,61959225,a9c62ebe-99cf-4574-bc00-bd854539e906,8f53c052-0c45-43af-8d34-5030437d550a,stammor
310425664,61959265,19819499392,4544084,61959270,c0f5819d-66b6-43bf-88f9-ab241d270761,d767e773-a879-48a4-bdd6-8ffe556bd77c,skorpion
310425826,61959299,05849299737,4558869,61959304,9fd10e9e-24e0-4e80-83ab-37c8239ecd54,3817f95c-7b13-4906-9654-63d46fc0ca94,nettverkskabel
310425923,61959332,15813749154,4564123,61959341,a29771ed-99e3-42cf-8302-b9a9df561c9c,35f2bc6e-99a9-4287-9b4b-8a5bc6cf622c,felttog
310425966,61959345,11874899463,4558937,61959354,0bd7c97c-a0c2-47aa-b8b7-0423fe5ee803,514b0608-944c-421b-86dc-0b4306520551,masekopp
310426121,61959402,25857797534,4546384,61959407,b2eef436-f839-4248-8f2c-f38b0d1a8144,03abad84-4b73-4bdb-a9d8-63095cdf5ec8,dyrlege
310426245,61959426,09905498735,4525867,61959436,1371e6f1-0319-4612-94c1-dd5dbced9432,6f095e13-183c-47df-8dd3-12b5384c419f,opptaksprøve
310426261,61959438,23920099440,4554102,61959442,556c76f7-5bbd-4500-9831-67934381bdd6,a9be1233-3475-435d-97c1-a5e968cf6344,tragedie
310426318,61959443,10876497749,4557574,61959446,a8160b3d-3473-48c7-ab59-7f5154883519,9ac6225e-19d6-4b6a-91b7-19cfa86666d5,filmstjerne
310426342,61959450,12834599218,4530560,61751833,db938ff1-3852-4ad0-8097-e5b11362ae9c,0601fe32-4cf8-499b-8b55-4d19fc3525d0,frukthage
310426369,61959452,11927196362,4537930,61866322,18be4930-c7f5-4303-bfec-a2baf96b65e1,b40b3114-787e-42f8-8f47-ffe50ba01961,kunst
310426407,61959467,22896699478,4556875,61959472,4dcb267d-84ac-4e9b-9771-d45a8cbc2931,46242b10-657d-4b82-9d71-38d476b098a1,fjord
310426423,61826207,04856398507,4505789,61959473,a8dc0de3-df86-44ff-aab7-ca949dde62cc,af08faed-c334-4781-876b-f512d38f3125,pes
310426504,61959491,19885696557,4545319,61959495,edf8fcbe-fd7d-42a0-8600-e82ed5ca2443,efbd7f5c-08bd-4dba-aef0-94fe2e3dc524,kanne
310426563,61959504,06926996981,4553654,61959519,dbcfb010-4386-4d50-83a7-fcfd13a0ab51,7070c971-03bd-4df8-ac5b-ceca97f44486,råvare
310426598,61959515,02887799485,4556446,61959517,ae342478-c9d9-4178-8290-79cb560185b8,a0ad170a-71d8-467f-b131-6a9773714700,budeie
310426709,61959549,20825499319,4502818,61959553,fdaed6b5-a0db-4e7c-a812-7c520d0814f5,c48b4360-4de8-411a-b870-d833f6179559,korridor
310426717,61959551,27817198592,4566925,61959556,81a16458-3dd6-4f45-9fb4-bc01441e23a7,ce6906bb-4bc6-44c8-86be-2f65eccfa8fa,tunge
310426741,61959559,22897797910,4567542,61959570,f6025fa1-9d04-411b-bd4f-42cac32d099c,78a581ca-3d5e-4767-867f-d72a923c74b5,linje
310426792,61959575,03895499314,4513729,61767047,1f881279-0567-4674-8794-a6701ff23206,e58b11ce-e2a8-48d3-b4e4-3cb589abad0f,blindveg
310426806,61959574,12856397392,4537481,61959578,30e3d335-f072-4e72-81dd-b1ced96ad277,f45ddc7c-6820-4c7c-93ea-199c19095abb,ærfugl
310426849,61959591,11867598792,4549545,61752765,bb9b3a54-9006-464b-9e22-2516d2754f27,5b5171b4-540e-4b85-9a21-ee70afffeb42,fasttelefoni
310426857,61959593,24897395904,4504658,61959598,3e89393c-4a2c-41d6-979d-2b7383ef3c72,289c39e9-e31d-4aee-9043-3d34f4d18efd,kunde
310427039,61959634,01826497919,4568171,61959639,949cb2ff-a8d5-4db9-ab0b-07783e27e405,844b8679-ff43-4e1c-862c-b40e0c4b7374,bajas
310427071,61959637,06893348113,4557807,61959644,7c241b57-a29d-4760-9f4a-2372cf3d6558,4afa4bc8-33db-4d41-b6c9-e5a472658537,gjesterom
310427098,61959649,12922849763,4549514,61959655,0e7627bc-5eb2-49d6-83bf-53e1a0e237f8,3ab8e6c5-1634-4f71-bdf2-8ab8ca124442,søster
310427160,61959660,04917798678,4561261,61959664,d281821b-6f3b-4bac-bd69-8575ec9d1018,eb6257d2-d221-43ab-b6a3-ede57b480a29,campingvogn
310427292,61823815,07906699782,4521819,61959695,5d0c56c6-cec4-470c-8fa5-2d97f1fda6b6,9206b5c8-a431-41bf-a19a-160a09ba9d3f,bit
310427314,61959692,03869698333,4513333,61959699,092841f0-3af5-4458-a330-768263b8af96,de1d9456-e56b-45bb-a7a2-d4a3a7688342,fyrstinne
310427357,61959714,07926997380,4545276,61881280,5a847880-b20f-461c-8855-04def5f41bfb,e2bad6f0-c542-4190-873b-5b3a9bff0ca1,badehette
310427470,61959732,30865795986,4542991,61959737,67fdc494-16d2-4c6d-96f2-f870744e106f,17541200-8ade-4a7f-b010-7fecad83ad2c,servise
310427500,61959735,10918496152,4559916,61959746,2483c83e-a791-49b6-a370-ffbe096bc9f6,120bda0d-1828-45ae-8aec-74702d6b8d85,trenchcoat
310427594,61959764,28845598195,4541474,61921062,7b0e4fdc-eafc-40f7-9733-51998bfd50c7,653ff658-76ae-4c43-9d8f-94c363404a79,bensinstasjon
310427675,61959786,05816098361,4555437,61959790,bc470b38-87b3-496a-9d2a-4e0f9ace1134,ad63b5fe-7c3a-4e41-86aa-9e23a10adbce,butikk
310427705,61959795,12857696903,4503097,61959806,b3dabed6-ac18-4f4f-a83a-5ab6372492b1,fd034e51-c0e5-4c7d-82fe-521bb8d89de5,anarkist
310427721,61959804,25886299926,4561586,61959810,60e668bf-e683-4325-96d7-fbf17629affc,d8aba796-47f3-48ac-b39a-b07f26f9eacf,nyre
310427799,61959825,13924498905,4551967,61959828,0d25b79b-65e1-40ec-911b-a7f75652d6d9,5a7a97c0-aae6-4a0f-9edc-015861a2e3c2,bass
310428019,61959893,15919596934,4564721,61959898,8aa23997-1f18-4c7c-8949-571bb3419b6e,4e73f352-993b-413b-94fb-0903f16bb95a,innhegning
310428264,61959947,06892549778,4505680,61959956,a22aeae8-6f8f-4143-8b1d-da09c55765ec,195753ce-5490-41e3-a2d7-9af72175df6d,kveld
310428353,61959978,29926896758,4549882,61959985,79142293-1029-4635-942b-e47dd5dbbe15,b779677d-5b65-432d-bf7d-3ce1a6a2cb0c,busstopp
310428507,61960014,15924798774,4551983,61960023,044f8b9c-f909-44c1-8e02-b678ba610516,7c9aef84-975a-4099-9db2-179148976ec2,kollega
310428515,61960020,10927198253,4528162,61960026,43f2fb9d-f3d0-4b19-a1c6-004c5907f943,a908a60a-e3da-4c5d-a34c-ed80ed3f317c,bok
310428531,61960024,22897298124,4544831,61960030,3a8e1dd7-3d66-4c4a-aea7-627192d2722a,f8994a8a-ac20-4184-911b-70f02e318da9,parykk
310428558,61960025,15828299376,4562727,61960032,063b87b6-2d1f-4830-9a6f-6a4043ce29b9,28bd07c3-5268-42d0-a71d-ce45a7519ed2,okse
310428620,61762889,07927199372,4522170,61960052,fab410f2-45f1-462d-98f9-ece19bc68aaa,e4b416a3-431a-48c6-b6dc-5beb706cd630,kyst
310428698,61960061,12921749986,4538673,61960063,e50e17d0-10f8-4773-ad4a-4a82214dad85,ea6e50ca-dd07-490a-a1d9-89c7d1e2f922,flagg
310428728,61960066,23835695921,4538670,61960069,584299eb-e04b-4a29-bb0d-207e5e83437a,4faf17d4-e5c1-42bf-b931-d054615d613b,stafett
310428744,61960070,12816995750,4530286,61722446,97464838-089c-4e37-ba08-77ff3d1ba87f,56d3d794-c2b7-4ceb-8750-992d0d5334ba,tyggis
310428787,61960078,21848997649,4565929,61960088,5242db92-58d6-49ce-a57c-c3818cf16aa0,969b6fb0-5dbd-419e-99b1-cc5c84aba939,handelsmann
310428922,61960125,05846395913,4502514,61960128,d9e44b36-328a-48eb-9502-2b8852fb3f97,54508a67-dbb8-4448-a1ed-06d31687be93,restaurant
310428930,61960126,18885298989,4501756,61960132,8abbfa29-22e0-41a9-85c4-22780b468380,3e06b681-8ce9-4cd9-aab1-4d3b26045244,konklusjon
310428965,61960134,06885799475,4519527,61960139,4d31ef1d-cf5c-4954-a765-00a18a6c1613,2bf445fa-c80b-4721-856c-b9c5aa651ea7,prærieulv
310429112,61960179,02884799581,4571079,61881518,5f099116-d304-4f50-a29e-3b4826096f4a,47198060-58f7-411e-9363-968a3ac8a822,alge
310429228,61960197,03898199346,4505896,61960205,7ad2bbde-ac59-48f5-b6d4-1746d0ff9706,df57ce33-0f44-4afb-a3a0-45f94d93be1d,hest
310429244,61960204,24925399554,4539073,61960211,bdbc9fe9-b019-4b10-bd63-ffcfc7d4db8e,95f99f0c-da00-4109-89a0-37021e94e9e0,alkove
310429325,61960227,13816598359,4553652,61960233,7c3d8e63-1e4b-4183-b2f7-d1afc9470e36,1c67ceda-d44c-4f99-b9a5-f4175a146538,gallium
310429333,61960228,02897097780,4541431,61960236,64bcc610-49cd-4e69-a6a9-e753ad733484,b5f642e7-d55a-49ab-9586-8f69f698daa9,autoritet
310429473,61960269,29925497701,4504913,61960278,d456a68b-2bff-43a7-be0b-b25c600f9cb4,ce2edd89-1970-44ff-8d0b-04b457f98f5b,porsjon
310429503,61960277,24877097710,4504100,61960283,9d15035e-0e25-4d82-b5c7-70d0a92a12d3,42365203-2e71-42b6-b21f-441029d58cf2,torsk
310429562,61960292,09833449319,4559212,61960307,05480186-769f-4fb1-b4e9-869f7f82f37c,05d0cb0e-b87c-4346-9f57-e2e845f81a70,retningslinje
310429619,61833957,20925799158,4547409,61960318,44fda619-dac6-48d0-af6b-b356fced4fa9,23424ccb-471c-451c-a3de-bae80488a70c,telefonkatalog
310429708,61960333,02844597579,4536693,61960338,56c5858e-1d1f-45ff-a874-adb74e884579,527a32a4-9480-4dd6-b64b-e9ac1249d65d,grandonkel
310429732,61960340,01876596500,4546692,61960343,31b0edfb-21a6-4c47-afe8-f19155678043,bca83c68-55a2-441e-9353-6a22aa224f06,fiken
310429805,61960366,14847398788,4564441,61960371,f9da4025-2ed2-4c44-8907-e91af1e41afa,154f0a6a-cf3e-4cc3-bae5-acd61d2ac8df,moskus
310429872,61960381,28868997763,4549818,61960388,99c9ffc2-5167-442b-9893-5beb7be93673,2feefb80-12bf-4ac8-a7db-3a90ec250d2c,brudekjole
310429880,61960382,12897098383,4568964,61960390,4e56c1ba-0374-45ec-b295-ba0417eea4bf,3f92f86b-fe3f-4593-a42c-098c2059d315,fell
310429945,61960397,29887699036,4562838,61960400,6aedfce2-d869-46e0-b4b5-a2dede600c5c,1edfbbe4-b4e2-480d-897a-283992c1bd8b,arbeidskraft
310429953,61960398,01928399318,4546956,61960402,dd52c4a4-7787-42e3-888e-52825f75cf99,1125b431-cad8-475e-97bb-254b9d2536c7,aluminium
310429988,61960403,27904498942,4566590,61960407,f0aa9377-4945-4c08-ba0e-f74df872c2e2,84ccb847-3fb8-4589-85a0-978c67c8f389,mygg
310430013,61960409,11915897721,4503608,61960415,ac00c9db-1486-4ed8-8918-40340040249f,f162a77b-3930-4f17-9bd6-295fdb1c30d8,kaktus
310430021,61960410,28906894485,4557107,61960417,8490aa15-fac4-44c4-8c31-1a821098c844,e9c442dc-80f6-4c8c-8396-1ab7786006db,alpinski
310430129,61960430,05906699976,4517924,61960436,b944db37-efae-49f8-9d9e-db84fe05af24,7e0040ad-6906-4a72-a265-6dc9926c446e,fallskjerm
310430293,61960483,24898697149,4562822,61960492,25d69bbc-e422-447c-8603-aa76fef1a56e,adab05c1-6eef-4cef-b2dd-bae20c278f0d,havhest
310430323,61960494,08816995532,4553357,61713339,97ef0ab2-f3cb-432d-b339-e04af433a394,1956468b-dc31-4ea3-9143-61935417d245,ramme
310430331,61960496,11824597954,4528433,61960499,ca7fccb5-de3c-4c1c-b910-e068c8ee02fb,154acb28-6f4b-4e7a-8c23-6de402637606,kaktus
310430439,61960517,06886199307,4543289,61960525,93d9fd44-2283-46e6-834d-ff65cbf4d137,801df9ec-d522-483e-a78d-49dcf45f00b4,karosseri
310430528,61960541,07813048927,4520281,61960547,b1a554e3-33ee-4755-8d2d-cffdee5366e6,8e5f61e1-3cb5-4b3c-a6ab-63949468e559,halvøy
310430552,61960551,10915999390,4527977,61960555,3d4f10b5-f067-4309-8c63-af5fd9e68187,0984384f-3c12-4156-b614-bc9761394c62,støtte
310430862,61960641,31889199752,4543343,61960651,a16ae35b-5d77-4ac6-b476-63b8471ca74f,1be3cacc-b536-4646-ae88-e358ece889d1,sydvest
310430978,61960669,27834995145,4543926,61960676,b37ba209-d4b3-48ce-8387-525c0e03aad0,c1333f5a-ff4e-4b35-81d6-4ed99f947095,overskrift
310431214,61960742,01896098507,4555764,61960747,7f533be5-8e22-4eaf-bc87-b91031cd94ad,84bb056d-fe9b-4a05-8c0c-3ebb598bc517,mann
310431311,61960763,24902749388,4540465,61960771,3c980b8a-8a05-4ce8-bbed-82c136618265,16de0eee-2d0b-44fe-b202-c53c92620042,husbåt
310431346,61960772,27885996340,4549451,61960776,d13c1d8a-6026-4840-97a1-313e9e2595c0,3dce225f-f6e7-40dd-b4d3-614b5702bb7b,aktualitet
310431354,61960775,03884498936,4513544,61960779,b6e0e8a5-6619-47bd-97a6-45747a88d1e2,c93bf610-9271-4103-b745-38271831c619,pianokrakk
310431516,61960811,19924698961,4504773,61960816,da682cbd-a0b5-476f-8caa-9448dbd42a54,622cb58e-edc7-4d77-888a-359a593e15f9,einebær
310431575,61960822,12907196583,4550825,61960533,948d9643-889f-4e7a-a984-81f8a4a9a0e2,af686f1f-48e5-46ac-81c4-4ac73f964d06,klemme
310431583,61960830,22876699307,4550152,61960835,250b010f-7b99-4a13-bced-0a6ea46fda21,7e8a38d3-6e2c-402f-8e84-4c857ba25109,kreps
310431699,61830300,09892548134,4525679,61960858,6c306c1e-e706-4ce0-9b97-ed888b14c900,eee8029a-fef5-49e5-9fe5-a33410cfe14f,påpakning
310431729,61960865,27856195991,4569388,61736862,aa714c66-d2ac-44c0-a7ef-e89c13784267,3d846dec-9928-4086-8905-99228e7b84b6,fyr
310431877,61960894,25889098670,4550208,61960900,33570e72-6583-439d-8155-29fbb9a5e491,cd35f08d-fb52-46b3-9eab-7008d8a6bcd6,kråke
310432008,61960923,09866996749,4556929,61960928,2cdd64d1-30b0-4cca-a777-4c6dbdb0d3b1,a55cc6d5-ce12-47b7-8307-cb7b64c86682,slektning
310432253,61960993,02876198153,4565701,61960999,0e414bfa-af19-4daa-8eb5-817079018c3e,291a8432-16ad-4ccb-abc6-6e52d589a277,alge
310432482,61961056,02885398661,4502506,61961061,7e4d4272-58c0-4535-9a28-beb0fcb947b8,d872f609-8514-4132-9715-b7bef02d63a3,by
310432547,61961076,25834599972,4504410,61961091,9f62070a-6af9-4b9d-8019-b341fb154f79,35af4085-5ef0-43f1-8498-fb8e0b6ed61f,adresse
310432660,61961114,22895497820,4562186,61961121,3c28754e-a77a-4d89-8da4-b4dc3016d9d0,535820af-fa85-4d5b-ba7f-3839e31498db,dialekt
310432687,61961119,10928499370,4565946,61961124,0f82aa59-6701-422b-bacf-5ad6f2a7a6a5,2e0fd04d-73c9-4f88-a9bc-0c8981896ab5,julepresang
310432814,61961152,02865899974,4511311,61961157,f303f713-3f94-409c-a1f9-afee5aa748ec,d562707c-6e9e-491d-93ea-bd31f230bce2,opphoping
310432849,61961159,29856899231,4504404,61961162,f379a4c2-bdac-4df6-9428-c307e161d3fa,cd6badff-9bda-4cd0-a19f-268c4e5727cb,herre
310433020,61961208,25894996849,4548969,61961213,c1e06257-c9e4-4e23-b98c-61ec2e969db2,717e2a61-78af-4931-8f1c-b17483fade6a,bru
310433144,61961233,09906997107,4551264,61961236,1bf96ff0-2d48-4328-ab5b-8d11ee05522c,67707846-a20f-4d76-81d8-aa43bc8d721a,panne
310433195,61961247,09859395349,4551142,61961259,76a8fb13-8ae6-4bd8-9c78-ce0f5535848e,3f8e969d-a7af-42df-9ed0-64dd3a6ee250,april
310433233,61961265,10865397386,4555987,61961272,a1921168-9834-474d-b3ff-f6966aeb1f3c,fbf8a117-1091-4be7-9f1d-2c048bd5cef6,ingeniør
310433349,61961289,05906998973,4517930,61901196,55bec0ab-83ea-4f60-b27c-4883639acfee,aa754792-7245-4fbf-a885-b993e6a1cd15,pizza
310433373,61961291,02907296280,4551893,61961302,da996083-24b6-47ad-a6b6-41205416a3b3,c282be82-07c9-4997-b9f0-794a6c5c5bf0,poesi
310433527,61961353,29868299272,4555332,61961356,5ebdba8b-2f9e-49fd-87ee-74be3af43bad,6abd4c54-5c4d-44e8-b0e8-ae74279296dc,aprilsnarr
310433543,61961357,26915299783,4504516,61760521,08835f3b-58e5-48c7-b85d-7f66355b6600,80ea8263-accd-492b-9219-f1ceca89c315,badegjest
310433675,61961393,05836195991,4562793,61961397,a18c1389-10bb-43b7-ba82-eb114b0c6565,992c9ec9-cedb-424f-a20c-0097a241748f,august
310433721,61961409,03846997457,4552540,61961414,faf20d2a-2856-4c1e-b104-845222db48ef,40f2c448-9d92-4ac8-8adb-bdc6da6e86f9,tyr
310433810,61961426,26826295731,4505130,61961430,2b88a8ac-2ee2-41f5-90f6-0c7960dc281e,112b11a8-45a5-413e-b9a6-afb542bceb7c,årsak
310433888,61961444,07887297546,4551603,61961450,aa601fb3-e93a-4136-97f9-8945f73d818c,40fb26b1-4ba2-4f27-8c30-6fa8a58df013,felttog
310434019,61961479,02875599316,4511466,61761808,8dd5df55-9cb5-41bf-934e-e6697b8b116c,2f0b15d4-c63c-456c-ab15-66ad55682af1,handelsreisende
310434051,61961494,04845998332,4550857,61961502,8da39dc0-8049-41fe-ae0a-15bfb9788052,356a50fc-79b9-4a14-bcb4-2f7888972d83,juleferie
310434116,61961506,14834599539,4534368,61961512,453299d6-5845-41cf-882e-4d4f885a6df0,6ad86e31-262f-4f98-bf10-be9594e948ff,mais
310434299,61961549,12925098173,4558436,61961555,95aae5d7-3648-4d99-95e7-df97809e7a30,85d6e688-f970-4ddc-bf4a-20a497968814,lama
310434388,61961580,10817299453,4538044,61961584,138d4624-6061-4c34-be4a-50e676ad5005,5b80005b-362b-4998-bdc1-b4b6051f78a5,faktura
310434671,61961640,03868197012,4561159,61961644,b49b2e88-a2ba-4493-84ee-103c9b7457a1,4a4193e0-2734-4cb7-9d48-a71ec08e2955,fastlegeordning
310434760,61961668,01837298950,4541547,61816440,9a866c8a-3e67-4283-92c4-518670b956fd,8e9b4d3f-a309-48cb-b635-e9b263b4a9bf,kontakt
310434779,61961670,06826698487,4552262,61961674,0736355f-8123-4077-a508-5a742e7164a0,582613f0-6551-49d8-990c-3fd6a11d4197,alt
310435066,61961735,02886199360,4511651,61961739,3fa903f7-73b3-43e2-9d3d-54d37af9ef5b,9e979d36-a9b2-4cdf-bd8e-fdcaa57c12b4,kahytt
310435074,61961737,30877497638,4545052,61961745,d67907cf-d203-498a-8bf0-c5c729f1c52e,6fac551c-1305-4402-9c73-d03cf38e1ed8,matematiker
310435155,61961764,24925298316,4561538,61961774,6c9a2413-5272-4b12-a801-b6b22dfb4b20,f56f9027-cba3-4bc4-a2e7-3287cfa7593f,kaiman
310435198,61961775,18834998331,4565328,61961780,c73e7e39-91cf-40d1-a3d3-550c92ee232f,73f51aed-8e39-4193-89d9-80898cd1e341,akrobat
310435260,61961785,03876299916,4513418,61961790,b0ec64a2-2322-4e73-ba6f-9b1f8585d000,34981e03-fa84-4e50-81eb-2f4a496ef920,papegøye
310435287,61961792,01878797988,4548031,61847602,2b6b7ca9-88a6-4787-9530-27573152934e,cc52b761-5769-4e0b-8aed-31264f983402,fugleskremsel
310435376,61961804,13876599516,4533259,61961815,9921f901-6238-4e37-a979-74c2f759a4f2,61fc6c2c-1c09-41d2-8b3c-4c2488760ba9,pistol
310435414,61961819,02817499492,4506086,61961826,9cd746b8-b8d3-4899-9a9b-8ae9fcd132fd,080b83db-017a-4201-9206-6fe689589de3,universitet
310435570,61961857,26869396671,4543904,61961859,09e77f6c-9c15-443b-b331-b53cd0d92cbd,c5c096a5-7d04-49a6-bbf3-5ba15f2aacc4,kostnad
310435627,61961870,21889698710,4503771,61961871,e0c32703-cd67-4c74-8500-89ccc1b283a9,f53a6e04-0e93-4a44-9283-3c865188575c,entreprenør
310435643,61961872,07828598532,4550447,61961875,a0d7db98-a305-4af5-9626-19d66d3e54da,b89718ed-d159-4e40-abf5-169ebea28bb3,grandtante
310435856,61961910,18823248101,4562754,61961917,02daa3e8-5a1b-4cf9-95af-7f3573dc4361,f2bcaca4-37e6-4753-9cf9-7813bfae7218,aroma
310435945,61961930,24872147868,4548251,61961934,89e8b481-83fa-44d5-84da-5d5d0bdfc8e0,ebe8dabe-90f6-4df5-8774-09a114d211a5,invitasjon
310436003,61961946,18894396950,4544933,61961950,28b284c1-b432-40f0-9367-fa864c595603,d2de7736-2ce8-4e41-bd46-c29230fdc8ee,journal
310436291,61962031,16885798814,4560722,61962035,28814189-6e63-47d9-b853-45ecfeb9625a,b4c52d9f-ee97-41c0-9909-419ea9a1c128,tunge
310436496,61962073,16886298181,4553691,61962078,6b3aae7a-1579-46ee-a811-0e7dc0177475,774b9572-91c0-44f5-ab64-46a1fa335e0c,spenne
310436771,61962147,30908797112,4543440,61962157,a088c574-1e48-467b-82c3-11dd4fdabaaf,49c5eba5-5beb-4fb1-8888-561c22c301bf,leverandør
310436909,61962188,04926499985,4516241,61962197,2c673c59-2f41-4e79-b40c-be9d9d0ea496,d4f8ae2b-e9c7-4286-8fe8-6a51b2dd2936,ringdue
310436976,61962210,13817497300,4543731,61962218,48eecc81-9e75-401e-84f4-280ecbadad26,d53cbaa0-25a6-43db-8bd0-505d547850f2,sjø
310437166,61962253,24874799773,4537953,61962262,2c7acdc0-f30c-43e1-a21c-cbe6975a86fe,35479c46-7016-4f49-8937-1d24b8c91954,planet
310437174,61962255,03845799155,4505596,61730091,b88731f4-a185-451c-beaf-c06f6218d15a,389b6da0-6393-433a-8070-8edb82166c7a,abonnement
310437182,61831474,26816296969,4537954,61962271,a40ff5c2-7c0f-40d3-98e6-272baf6b828d,25322ce2-3fae-4550-b8c2-528b375caa80,muskel
310437220,61962278,01886697577,4548579,61962283,c14c50c9-072b-45f1-9e68-8f2c17ff355d,1b0e6696-3d97-467a-8ab8-a6a76bad4290,farfar
310437352,61962297,08836997957,4560301,61913077,72d58ac6-d1bb-4902-892b-259c7ea58fe3,8503c907-9ede-4f23-9bf5-b8cc9a98c036,helle
310437387,61962311,18919199772,4550672,61962315,7df4add7-0252-4836-ba58-2065095c4bfb,ea709458-b9a0-43f2-b69b-1a7575f4b801,damesykkel
310437409,61962313,29868398661,4562322,61962320,c9d92981-a002-4d77-a236-72428fc7f2a3,8e404d80-690f-47ff-ae54-1702ba1963a5,ingrediens
310437484,61962336,10869696396,4503894,61962345,11468d2e-87da-4815-ace5-d4ddf1b3a45d,47707ea8-9a59-46c9-9056-906457f10cd8,globus
310437565,61962367,17815898591,4569747,61962370,1061cc6b-fed6-491b-a8e6-72144c6b82b9,c80ec88f-4ae8-4018-aafe-a8777c7cda93,sum
310437573,61962368,17896099043,4554768,61962376,3cbfcad5-553e-4595-bfaa-cdb9263c01fd,4454f05f-f8a5-4c0d-994d-c874632fe2ae,komedie
310437700,61962401,05894498309,4564136,61962408,1cf35f73-0ad8-4713-87d7-c78aa56e9279,9b184138-7636-44c7-bba9-d3268f25d14b,prest
310437751,61962416,06856098360,4506009,61962421,1af560af-5d70-47f9-a570-8e14a980c5c5,d1ce7d64-ce1e-4715-bf38-2ac706c91211,trakt
310437786,61962417,25894694966,4536312,61962426,1b70879c-8336-4bc0-b328-d1ff899b4132,1ff03db8-5a79-40ca-9114-a78abde3b7ee,abonnement
310437816,61962431,17886196199,4565884,61962433,ece61d93-5f5f-44b8-b0c5-51dee83a7621,50fd2455-4721-4b05-9a67-b86973b7a148,agurktid
310437948,61962461,19857698110,4544416,61962467,1ecb69c4-1ed9-49ba-83c1-737bfe971006,44b87dfc-3993-45cb-9c71-00d5a630468d,mandarin
310437956,61962463,02847096775,4537127,61962470,e20772ae-6b65-484c-9a27-bb0e8d409fd1,f26a7ebe-545b-4a59-b7cc-a8087a1fbb89,grandonkel
310438022,61962480,14908298935,4552769,61962484,c05a8e51-0aca-41c2-a250-d8b29c0fe40b,a84274ba-135d-4ca2-843d-c3541f9fde35,nestleder
310438111,61962498,30876198289,4544905,61962503,55359f11-5b91-4b6f-b6db-fe14f9e7c479,85bf879e-e282-45ce-8a17-f35fec082b82,grandonkel
310438189,61962515,26924198930,4547805,61962524,cab40bcf-cd90-456f-9613-95a9e8a9edaa,4a3ce947-a0e6-4d35-bf75-fcdb5ffd377d,filet
310438197,61962526,04829899723,4514651,61962530,e2faadee-a974-49b3-96e3-0d140d4ac546,8403ebd7-1e2c-49ac-bc8b-d8fdcce68d95,astrolog
310438227,61962529,05906299579,4517912,61962539,8b2ffb5d-3721-4f66-8711-32315c62db40,2040fe00-b33e-4a50-8665-c374c5c17f77,pedagog
310438359,61962561,12926299784,4532078,61886784,218c34f0-f588-4a28-82ce-d04819f6ad1f,fe0ef464-c94d-4d94-953f-d9f261f6eec4,onkel
310438537,61832316,17864997155,4546057,61962608,9374ea60-57f9-4369-9866-84c74bec120f,f81631c1-1fab-4564-80e8-0335a85fc80d,buk
310438596,61962622,20907399150,4570030,61962628,aaeaa357-2790-40e0-9068-a0bd18b07590,c310282e-1733-4342-bfd0-530033c22d5b,fiber
310438634,61743131,13856397917,4505008,61962634,a2fe2f0c-2d51-435a-8101-4eedcc8a38ed,93c7978e-ca56-46d1-9cab-c4eba5fc7039,knute
310438669,61962633,30869198435,4557113,61962647,e64b7b83-8f17-4503-b426-2e682760772b,9139db5b-3397-4015-9768-aa0cb3f97ef5,hensikt
310438707,61962650,22855296954,4551611,61962655,f00fa2ab-964f-4017-a01c-c94deb4eccf3,67e9c95d-12b8-4937-a4bc-10cba53bdcb0,larm
310438758,61743502,21857699073,4557112,61962665,f00b8714-6af4-4326-9f66-9cc0bc406754,b645c81c-bf1d-4d66-9d43-caba1110a691,havhest
310438774,61962664,10887095944,4504786,61733965,6249a01c-612d-4506-bbc4-973c2750ab98,27038f2a-9188-4a2d-9c1b-a687e5eb929e,aktivitet
310438979,61962721,23815998960,4504982,61962725,a6ee63a3-d604-4bc8-8408-f56d8ae05940,4af8ed41-ec9d-44d6-b6d1-cfb772a1048a,informasjon
310439118,61962755,42904600266,4501910,61962761,4176f4b9-d336-4080-b8f1-143aa8d444dd,8be033be-2de7-45fa-b28f-25651a5367f5,bille
310439150,61962763,05829298963,4553690,61962767,7829ad3e-25b3-42c9-a1eb-13c61777d99e,3d5726bd-b457-4f47-b3a8-fcedf74a2bc7,fløy
310439274,61962790,05877997938,4517467,61962803,2a68e27f-ccdc-4a6e-b317-378d2c832a14,cdea6117-81da-4a88-aa51-54c6f6acde01,buksesele
310439657,61962906,03906699302,4513937,61962913,de1fb0e5-ee5d-42b2-95b3-90cf663e638b,42fdf44f-9eb3-4680-8eeb-c7fd14c210c0,kompetanse
310439843,61962969,07887496794,4546290,61962974,dda1a6dc-3536-4591-a3bd-2c1230fa6c83,d25f301e-1c07-42a4-91fc-4f5892ae8d68,brøkstrek
310439886,61962979,11836397373,4553609,61962982,3d93b651-ad95-413b-988e-535c62695571,e8c0da5a-cca5-4748-aed9-938139c071ce,frekvens
310439975,61963003,03855897589,4547709,61909323,3efd6364-0d90-438d-9f56-65b3188201fa,b26bd881-a44d-4651-8669-541e8a93fb5a,jungel
310440094,61963033,06906193564,4505546,61759218,45d3da5b-c9c6-4338-a1fa-89c4b576160b,55e65464-e7b3-4a7a-910c-77b6816a87a9,høydedrag
310440132,61963039,08928697151,4561930,61963043,d0f6cbcd-3f13-44af-926f-a0672f1a6ffc,34bc0c92-de92-420f-9f4b-c8e14c7910a4,kupé
310440140,61963041,21818999841,4548495,61963055,af98858e-b233-4269-8aa6-2dba1acd58a6,06241d91-c2f6-4648-b425-0661c51f8717,nordavind
310440256,61963077,15869797933,4548481,61857547,113464c2-41af-43d5-aa33-4e3151ed54f4,3f706b02-3efb-4288-86e3-5e895b42108b,felttog
310440264,61833446,11876395594,4542032,61780494,0e2065ba-b473-4c2b-9084-e06a1193b3be,62095ec3-3703-4184-8485-4499cdf718d7,kiwi
310440310,61963089,04848098510,4514976,61963094,e2c0f3ba-26f3-456e-9230-ddbd3c2cb23c,67424874-c95a-442b-b00e-02e25235c4ea,krone
310440418,61963106,30888898413,4542554,61963116,260b6c17-75b5-4051-abfa-e5a5069f0a6c,7345989d-6451-4cde-bff5-419e45347c8c,svale
310440639,61963155,18886896588,4545275,61963157,4db5e80a-a346-4473-95fd-6d0a78e4fdcc,418ba2c2-0944-4d9e-995b-96ed05ff6c7b,hoppe
310440655,61963160,26812947329,4559595,61963164,c49eed0b-14fb-4837-8f86-c7be4b2a8a95,0fd6b420-8ff5-4a82-8a04-a02bfffe48dc,geografi
310440787,61963182,25895598057,4504067,61963189,9e14ef6d-a37d-4b23-9101-bb9424c4f478,311f8343-93b8-4bc9-8689-03cf1dcec9c4,bom
310440906,61963218,03875298509,4513383,61889945,c8fde5e3-d48e-40d1-a175-a61e4e45fc99,1112fd45-eb81-40aa-a4af-a44b86d9325f,hoppe
310440949,61963229,21825898538,4545839,61963239,e508555a-fafb-4d08-bf5b-c9cb8e9e9668,397b78c0-c78a-4026-87ab-fb0a5db248e6,matte
310441082,61963259,27816499572,4555079,61963265,7aaa5cf9-cc85-43f0-865e-5f4360ba537b,1c082f43-eb31-408b-8d0d-933f46270e3d,grøt
310441406,61963338,19927997943,4550190,61963347,6ca9e8f5-0f38-490b-9021-d38eb04d8be1,301ee1a1-10c2-4189-8446-5b95fdc8eb02,hofte
310441465,61963356,30915899745,4538463,61963360,bbf27339-5c84-422a-a24a-b989be328832,006b3c40-cdd6-4637-8af9-cdf8202f8c7c,fartsretning
310441473,61963359,12886198114,4569331,61963363,c226d5a1-9a8f-4ffe-9cb4-1b2d83c286c2,6253d41d-380f-490f-bcaf-7b134f3a6afb,jantelov
310441481,61963361,19854299703,4542706,61963366,73ec4b16-637c-4ef0-b4e8-4233e7049e00,68e05ede-dc06-45fb-b1a9-bb289182a400,kjendis
310441651,61963408,07855599583,4503535,61963413,3fb25910-0000-4e42-8adb-1b32182fe549,75d7d7a2-8dfb-4cb9-834b-0380318ee165,salve
310441686,61963410,07860198937,4567591,61963415,84a07f6d-d898-42ed-8974-d81ba4e3bcf8,0a1f2a95-439c-4a48-8e91-72797f11634d,aveny
310441759,61963431,21906198840,4565089,61963434,315e7d66-b90a-48a0-aad3-c86de1145204,ccc3eb48-1514-41bf-9eb0-0ec6043a4944,million
310441783,61963440,29858896140,4557167,61963444,6f1e6307-e530-4d77-841d-e9f1bcd86f45,83c1d491-184b-447c-8c0a-a8749e2d1c29,breiflabb
310441872,61963459,25846797192,4550917,61963468,2618dc2d-4ec7-4cc9-bd31-ccc5e456d462,7e3337cc-73ec-4166-a734-96a845b68574,fastmerke
310441953,61963484,08815098189,4542471,61963492,9d9a69dd-530e-4563-a769-0eaabf9244ba,225c0c61-5a47-49f1-863f-eeba3056286a,eridofobi
310442003,61963496,12855599307,4530908,61808635,496462fe-1835-4147-a43e-3bd4b1fa85e7,29be5faf-33b2-4dd5-8df3-1c4160ea08de,bank
310442046,61832011,25915498720,4550526,61963504,a30fcad3-2b84-41ed-8f30-d3a09a8f77e5,fba3079b-61ba-4739-b23f-aa000975714b,sanddyne
310442151,61963527,12818398172,4570771,61772741,987504e0-bf3d-479f-a184-35ceac33a35f,4c9ff54e-6b4b-4e7c-a933-c5d8dca1370c,gebursdag
310442364,61963578,11814996559,4567263,61963583,4ed2598e-827f-40c1-a5e4-b1d26453ff70,42cfaad9-74da-4bf2-9ee1-9c68b3b7a82b,avgrunn
310442518,61963619,07876499732,4566006,61963624,24c1f682-82ba-4cf7-9f7b-86628152b5fe,63584fc6-c4c2-4118-82ab-5f1b14529364,akselerator
310442615,61963642,05848899714,4554728,61963650,625aeafc-3aa4-4aab-8433-d6f6cc48356d,263ffa73-9189-4e72-afc7-9c07ec9a0bb3,ord
310442658,61963653,11835999795,4547107,61803697,ec067d49-e871-4352-87ff-be0c410c1e8a,888b4d63-610f-401e-ad0c-bcae96b58e5a,vegg
310442771,61963681,24835296195,4552518,61963689,d9cd69c2-3fcd-4936-9c3d-d78f1628fbf6,7065de14-0d7b-4c53-b6a8-4ac91efc7ab0,pute
310442836,61963691,25824795307,4537849,61963697,b0968fb3-4d3e-464e-a9b9-10ed26400c14,876167a3-863b-400f-8b44-d3beeac99181,falk
310442844,61963692,05906599440,4539513,61963699,3e6c35aa-5f79-407b-96b5-0f3919e3ab89,c2136936-04b7-496d-870d-5e509fb723a6,miljøgift
310442887,61963702,30915399165,4564774,61963705,c823ac18-b893-4aec-b93b-f28307398523,f4d69d2e-0f61-4c51-a8df-4e14f1de98ae,eføy
310442941,61963712,04866098706,4542563,61963718,46ccfc88-e20b-4b11-b6ce-96f12a5d1b6d,ae60f0dc-d491-4499-a293-9e349dc0befc,tangent
310443123,61963762,14833549678,4548308,61963773,f5ff8dc0-f1c1-4e1e-b831-eee8b19245cc,603d1f46-c140-4309-a3f0-037854eef91b,liggestol
310443174,61963776,30835997959,4555046,61963781,70405528-cf8c-4af8-ad1f-6fef34834dec,8d4ae03a-82fb-476f-a189-75ca56d65106,årbok
310443298,61963819,02884398390,4555083,61963821,37cddf53-4a4a-4dbb-ad03-a0dcc81d95e2,283a60ea-6c7b-4ef2-af39-d768b36ab4b1,hane
310443344,61963826,10915699923,4527970,61963832,df53b47b-e228-41cf-a7ba-f77e7befa6d5,074ba0f6-7fb0-438c-bd90-f8de4557ff04,måke
310443360,61963833,21865098550,4568634,61766674,c86d192b-d6a2-4e40-ac2e-abb669986af8,9952d274-63ef-468f-87d0-4b9fdded8a46,jente
310443417,61963844,05865099934,4543929,61963848,6b4a5ce7-9c95-4809-91d3-7bdb85efa984,19afd7b1-cc47-4fc4-973a-792fc86fc324,kjøpmann
310443506,61963866,20856798314,4568630,61963875,f858df5b-9375-4209-b5fd-87517c174d86,9a290555-c789-42ee-9edf-9e3bd49ab26b,jeans
310443522,61963869,10899099589,4527719,61963880,60948870-c6cc-4a5d-9428-9c3067a7fbac,a0a1b9ba-5eb6-4fd7-9c88-b6038c7721c7,handelsflåte
310443646,61963906,15917497912,4546491,61963915,0708030e-ea5d-4a85-98bf-4cc082931dc5,7f1c3643-9c3e-4fd8-aaee-19cabe15a4b3,bildekort
310443654,61830958,13864999381,4548094,61963916,048d78e7-0f09-4362-aa7e-328dcf6a4196,768d6637-bac9-4854-a452-27903e232a5c,fasttelefoni
310443697,61963928,04906297367,4539102,61963935,54f24598-a571-4253-874c-a9b7a837e92e,b1c13b65-768d-4f67-bc14-d1698fd4736e,plassering
310443727,61963938,12908598324,4539852,61963942,6b5d8aae-ba55-402a-ac62-78798683caa9,93a557a2-970d-401a-9e64-c994f9e6ae82,geometri
310443808,61963954,24876199552,4550084,61963961,b610a628-eb83-446c-a370-1065f23988ad,0c23e279-45d6-4f5a-8d6c-d850eb44aa47,regnskog
310443921,61963990,29887199718,4542547,61964000,a2309da5-5801-47b0-84e8-0a5aaecc82d1,2211df70-74ac-47dc-ab93-e81cd134059a,opposisjon
310444154,61964050,05846495934,4505555,61964055,1d3a0b81-710a-4d9a-8506-6824b4e60422,30cd2efa-6560-4876-a22e-99a3f913a6d5,bær
310444170,61964056,01856997711,4561487,61964061,bdb326d9-652c-4594-b1f6-07f4bee3525c,b2f9058c-780d-4396-a5a6-e1d94509a20f,grend
310444197,61747663,28828898819,4567485,61964068,565b47be-5454-45b3-911f-2194d3df8066,21924766-e2d8-402b-84ff-6a4282e43506,myrsnipe
310444200,61964064,12887097176,4546577,61964072,0b0e7f8a-0e6b-4fa1-ae9f-3460768c9f1c,5d096ec6-f9c0-48e5-af23-f97e45c53261,påfunn
310444219,61964066,23896595989,4503351,61964076,2eebd5f2-87e4-4d26-b91f-4adcf08e9116,08f07af4-01b5-44c4-ab6b-9178d0195d88,trenchcoat
310444251,61964084,25826096120,4504795,61964095,c8243940-7850-480a-a27f-55f1e4064b96,2ab617b8-36fa-4eb6-9d18-04cbc0683879,ballong
310444286,61964093,14856495532,4537981,61964105,8041e735-603c-4f77-8dde-029ff8b653ea,3c9cb082-80aa-47f8-88b4-5961b40cc6e6,tordivel
310444375,61964126,27868998941,4540509,61964131,183757bc-2a76-4c25-a9b9-ec1bdcfa02d7,d512f938-1593-433e-846c-3c38410fc91e,tann
310444480,61964145,17823349572,4501892,61964156,31709630-1329-4e3f-a0bd-459251fa95a5,3f3f8f0d-825c-452a-a4d8-cbf0b41c5fb5,delegasjon
310444545,61964171,06896796184,4519746,61964183,558fcfe2-2f57-432d-8ce6-0ea5307928f0,633ddbde-9590-4dfe-9223-ad12674de8dc,lakris
310444715,61964209,25868898367,4548861,61964216,8a23a10c-449e-4eba-99b1-f387aa14a2c5,3da5f6bb-4146-4572-bfe7-10a8255b801b,avarisk
310444723,61964214,04847899595,4514972,61964217,c4362d18-ccec-49cf-8c74-903e37c93f94,92695417-08f9-4e32-a143-89ba04f83787,dagbot
310444944,61964263,18867599378,4553969,61964277,e154a446-1aa2-4c6e-9288-417c61db39d7,d3e0c1ca-e886-4472-89c4-e5f79e4b5515,sete
310445029,61964311,31877197886,4560893,61964318,23c25395-b422-4929-9db8-6697c52c9567,f0844864-1e29-42b9-9abb-818b7e110fba,oppvaskmaskin
310445207,61837948,01886498590,4564087,61964366,7560ac22-954e-4cac-9ab3-11323f9ef6a8,5d5dccd4-b9a3-42ad-aafe-8483b31baf48,føflekk
310445282,61964382,29837898143,4550410,61964394,445b9212-1a86-4bdc-b3e2-a700400a462d,92eab032-d93f-4509-84a3-d6e5d48a17c3,dokumentar
310445444,61964427,22892848347,4556724,61964447,07415beb-58b9-4a02-a773-63651dcb652f,760c2a3c-6609-404a-ad62-fc0c0641b097,trikk
310445460,61964428,23904896969,4544723,61964439,c93b3c08-98da-42e7-be89-944d385f0fea,44b5e622-1736-45e4-837b-b55e9d6fed77,spesialist
310445495,61964448,23929599721,4565289,61964453,270fc957-da2f-4b21-be87-7a60baf70da8,2f45defa-effd-44aa-8395-2def55cd04f5,fobi
310445509,61964449,03865597788,4513247,61964455,4a2dca53-c882-4c6b-8959-dd32167e2ff6,c37a8015-4479-4fde-8c4b-f2b6ffec378d,sjakal
310445533,61964454,21926599183,4504229,61964462,120db0f0-3bff-45cf-87e1-ff1535d4fe4e,6f581ffe-ed5a-41fd-b849-e8ae17fbb3f5,morene
310445592,61964470,20867198831,4537688,61964475,a9db6a21-8685-4aee-93c6-f9622c016d6e,71bce0a4-cf94-4ec6-9de5-61cda74ae2af,alderstrygd
310445622,61964479,01906696106,4539348,61964482,65b4e84a-f78b-41ce-8042-ff6689e02950,7170ca65-b506-4fd5-bb7c-43a7f3fbcced,terskel
310445789,61964512,27862649376,4557383,61964520,b3f3d108-c57b-474e-ada3-1094f6a35861,efdeb641-3ba6-423c-a7af-ffe9442dbc27,svigerinne
310445843,61964530,22877098102,4542861,61964534,d0a843ea-1b83-4274-87ef-e8f227423b4f,29313cae-ed27-4988-924c-fd470a4c9a4a,avstand
310445975,61964561,29835198918,4559461,61964565,5925a19d-6559-4f8e-a6eb-b22c7898fcda,a4d83751-246f-46fd-9cc0-7af124c5dd23,balsam
310445991,61964562,18916998941,4503518,61912284,b6b5c8d4-4d24-4e30-9356-80fb8ec7707b,09c2e6fb-d84a-4900-8fea-247cd90e9f0e,syndebukk
310446033,61964569,29897599943,4503582,61964575,9e768ed3-55ed-4a5e-913d-44c1db41bcf9,94b10976-a792-4f08-a52a-0e96e4f93d37,detalj
310446084,61964580,03909998637,4505658,61964583,8afb339e-421f-42d3-a3f2-000dab1bcc40,abb4c7ba-4112-4d3c-a412-6a31a6842f91,bord
310446114,61964585,20825997726,4563118,61964590,27fc0e91-c205-4548-9902-7d7a460c8668,d8c8800e-84cc-4a40-a1f4-4fe356a8d654,pedal
310446130,61964593,03885999904,4513584,61964596,1375c3d1-a398-47d2-9e57-958dd61dcb48,833e584b-e6a2-4682-ad25-2a98fe578afc,statist
310446173,61843534,15875797082,4505265,61964609,99895fab-ab1a-4420-b88a-15c2e140b38e,00c4d461-e3cd-451a-89e6-de2e7bd021ec,mat
310446246,61964616,02855598623,4555014,61964625,b096e893-df9b-4ade-a7af-984705976f87,33a2d672-0a6c-42bf-88c0-eeec9c1a2bf6,trenchcoat
310446505,61964685,09896099121,4525747,61964690,5931b00e-a941-46d5-9e91-f606d14af1eb,4e937d38-66ae-488e-a049-961eead91e3b,gravemaskin
310446602,61964718,18835699524,4547518,61964722,0d725874-cd9a-44cb-bc4f-9f010447afd7,fd00f4b4-8a59-488d-8f9e-11993e26d322,grøt
310446610,61964721,30848698330,4544303,61776774,445e41ce-cf36-40cd-b168-b0805011e0af,e040ae74-2e6d-45b9-9413-f3de08eaa319,sentrum
310446696,61964736,23856797376,4557750,61964059,e411e42c-4606-4ff4-a337-7d91b106c42e,a50fd96d-1b83-4b36-b569-a49fe1b26008,grend
310446807,61964767,08856799310,4501952,61907203,6348a0b7-ea2d-4b8d-a1d3-a800949dda05,42200cb6-144d-4a45-9f9d-372fe53f6862,dagsmarsj
310446831,61964772,12846694984,4568069,61964779,6912b080-9789-4364-a135-026933320b1e,0782ae1d-0f44-4249-bebc-96a5c371fbfe,adjutant
310446955,61964798,03886796691,4546564,61964804,94f67ea6-0b5a-41f8-a654-a5cf94ea03d1,70596272-687d-4aba-842a-914f775aa6a1,postkasse
310446963,61964800,06915697370,4539500,61964810,909cf95a-cb31-4e8f-9342-34f834fba902,2eb79729-2f18-432d-a444-ec4c3818c7ab,gjenstand
310447013,61964815,22859098936,4566222,61964823,57cb01b9-c102-4b30-a11f-b1b203c349fe,ebc04d2a-3fb1-4adf-827c-8196e89849a1,albatross
310447072,61964831,23919398582,4541288,61964836,3c79869c-186e-4d45-97a4-3c136f2e575a,f8816362-1373-402e-a416-cf21e67b58f9,brudgom
310447250,61964868,13838199539,4553305,61964871,db265446-5ffc-4c5e-9dea-4232e657ee88,8071e846-0512-4e03-922b-64b424409ff7,kamerat
310447366,61748177,24917897685,4549809,61964898,3579e0ac-67ad-413a-a9dd-d57ff547e9bd,d6559ce1-62be-4010-bbf8-7b481216d81a,katalysator
310447374,61964893,09855995775,4564696,61964900,9d6c28f6-0a1e-4956-b142-8d7c12476003,7cb8e7d7-7adf-4591-b020-0e636164bac7,kunde
310447447,61964914,04827296533,4505743,61964919,ddd65157-9dfd-492f-b6cf-76eeabc11291,7f472575-00dc-48f4-a8a9-e5c97b97d7f2,maur
310447633,61964951,18826598596,4553402,61964955,02502c9e-0946-49cc-83b4-0103a8cba4dd,7a7e8b63-6389-4f55-bfb3-03add4f50f0c,jul
310447773,61964984,12926499635,4546985,61933815,c9351e98-53b6-414d-9d12-bccabbaa1c66,aa359b30-ca74-47a7-a94e-eb7910ed6afb,mast
310447781,61964985,06888799379,4519617,61964990,7dbe57f8-91c9-4300-9bc7-e4b701bb3e04,42b184ac-2bfb-4e48-a101-e05abf9cf197,penge
310447900,61965009,23873847964,4552455,61761348,0a1fa175-af22-44b7-a2ee-91d9733db114,0c2c6c27-de77-46c5-ae21-a8638486fe11,fyrstikk
310447935,61748613,24844997562,4553818,61965022,6260bc9f-fd1e-4403-a8f4-2fd42f68968f,b2f5adc9-b80a-4931-9676-338ec5e4b6be,hjørnestein
310448036,61965034,22822948751,4562000,61965039,37384609-972e-4948-844a-a88f11064e7d,dfdd2fd2-7859-4f49-bf7e-66045ad8383d,aktor
310448281,61821430,20827199312,4549675,61965123,e98daf74-b411-42c5-b7a1-ef572c30b2d3,e630e235-6c43-401f-a5a6-8a86dec7629e,paraply
310448400,61965141,09906396146,4538252,61857500,c0f6f919-fbe1-47b4-b145-9d55e68d8bce,cb8f7ffb-ee35-40a1-9b5f-0b5b1d88ac53,legevakt
310448419,61965142,07895598326,4505884,61965152,3f1e37c7-0435-4357-835a-fb0fb3f11dc5,9c07f3a0-3423-4a64-a997-c1ed962ce62d,dompap
310448486,61965168,20863947554,4551088,61965171,77d1b559-0d85-4f54-b5ab-71064c32a99d,fff7965b-5ec6-43e7-a19f-4a1683bf760a,hobby
310448583,61965193,13856099894,4560630,61965203,e00fcbcd-8ac5-4322-afcb-6625a84cecec,9cdfc149-409c-4203-8e96-3d5368093c46,solsikke
310448648,61965209,03888399479,4513646,61965214,e44f4944-d9df-464f-afe0-fb28c7bb70cf,f3d227d5-c650-4560-b592-f303582e1c46,fiolin
310448672,61965216,14836997981,4566404,61965226,7e32a7ac-fc4a-492e-b5fe-c95a60963ca7,35f5a233-e8b9-4198-8746-1a5b8faa71f9,måneferd
310448826,61965254,12897699182,4569991,61965260,b95a68e7-d449-4a03-a622-f3abf72f0488,852c6fa1-caba-4542-9e3e-a896a300276f,ordbok
310448869,61965264,16814098749,4544515,61965270,4ebe637b-c018-4536-9c4e-2335cfda44de,58ded87e-b388-4943-9d82-537ac1deb66a,grandonkel
310448877,61965263,13889999130,4553093,61965268,c03dd565-8953-4f35-aef9-7fe55b06aaef,c5b0b0d9-e10d-4466-823b-433c54140bbc,hals
310449024,61965297,28918498550,4543728,61965310,a28d0cf2-1322-4f8f-b211-5e8098427a45,956809de-5a24-4bcd-bfa8-3d2f751e1eea,kontorbygg
310449059,61748101,12837197137,4538254,61965317,670d727b-4678-43a4-a39c-e6b00a9e5870,44d9bf27-2ffd-40ef-9afd-87292ec3927d,biologi
310449075,61965318,01828297933,4508719,61965321,92b18d05-97e6-47bc-ba1f-c6e903983ff4,8c228450-18d5-4a7d-af36-8d1f6fc12d7c,appelsin
310449210,61741879,26898598151,4561014,61965361,aed97d70-c2e9-44ac-8ab9-47fd6b77462e,6002dabb-d7c3-4263-a436-419fc77abee6,betydning
310449377,61965407,01894499903,4506319,61965417,410e8b89-b84e-4c88-8539-0d7f03f6b9af,2de7ca06-984e-445e-aaa6-9354de484392,klappstol
310449415,61965425,01837098919,4508878,61965429,d988ee6f-292b-496d-b60f-f56fabb6057d,62c9dba5-0ca7-449a-8e14-7b5b7fd3b4a6,geografi
310449431,61965426,19902948964,4562963,61965431,3dbff557-6e77-4397-bcd2-c91a5e0cbe51,0ac2124a-91d0-4469-b044-053664ad2cb4,ponni
310449547,61965456,14859997784,4534861,61965462,8d4d994a-2ee2-4aef-b879-ff586a14dd7e,813288d8-e0a2-432c-9116-6e190546f368,kalori
310449644,61965477,21907298385,4540290,61965485,23f84967-196d-4b21-a8db-50e7a525c996,93a2dc73-74fd-4259-8cc5-ee883b074dab,grandis
310449806,61965516,07916396915,4568460,61800473,2cafbe9a-9ed7-4abe-8864-db39738af193,e8419852-f94c-4cb9-a22c-4870d062750b,fagott
310449865,61965533,03835199583,4556982,61965541,147f8631-63fb-4fd2-8d51-c68bd65b7c78,01be8da1-285b-4a57-ba0d-98c7d88c0a61,jorde
310449911,61840174,02925895779,4547831,61965553,890ce401-fdbb-4fd7-81ea-ddd2330b367b,a23dbb04-2c75-4e4f-a726-b5b30d92baa2,frakk
310449954,61965556,07846099950,4520826,61965567,c74b3f65-6055-4a61-a8b1-545bba55bc32,88c161a8-b38b-41be-b07a-d2347ad52861,beskjed
310450022,61965579,02826695393,4503119,61965591,99f15b3c-4ee3-44b3-9863-692f9b0fd13c,09183adb-92d0-4494-878c-dfa1e4b16613,system
310450103,61965609,30816099788,4562295,61965612,4d6dffb7-61b9-4c15-bf08-2a86e3d204ba,94a54d41-6e38-42c7-8d54-84c25f05963c,stilling
310450138,61965613,10874799594,4527310,61965617,c1ded38d-65de-4293-8bbe-20fbcca3a5e7,9c2844ec-849d-412e-b71e-21e79b5391ff,servise
310450170,61965621,09814998905,4562289,61965625,ac3b1530-af2b-4aad-b296-84b8a83d9035,ad3827b7-0588-491e-b5db-618e56e39f68,julepresang
310450227,61965633,03838299589,4539539,61965638,3cf8a72f-fcb6-4c91-86b1-f1a5c8d9cbc1,542191e3-a9bd-4ef5-bc9f-0dce9253f7ca,naut
310450308,61965644,13876395724,4504161,61965650,7618e5f1-8665-479e-a99a-d1488599a8fa,47240cca-23ac-4679-8b2d-ac114ef2297f,kjeks
310450316,61965645,24887297319,4544217,61965652,3e8dbcc4-47e0-4dcc-ab04-ccf03ebd6e71,9533349b-8a78-46c5-9116-eb3d99b18725,kunngjøring
310450359,61965653,11926696329,4557566,61965660,56ed69f5-d30c-46d2-b9f6-6337dca7dd0e,ec75898e-273e-446b-989f-028ea31223be,knute
310450391,61965668,05916696142,4565802,61728758,2a41ae37-f3b5-4f4b-a17f-140463180884,5fc3a9cf-4005-45d6-94f5-67ae255cd987,løveflokk
310450456,61965680,11825799925,4528475,61965683,86f826e3-456d-4820-9543-4bfbbe74746b,3ad760b2-927d-440d-9f20-112945113cb5,jord
310450464,61965685,06897998740,4503563,61965690,52143999-6a3b-4e1f-95ea-c4160828117c,64b042ab-495f-4bb8-a6be-2e028dfed5a3,fiken
310450472,61965686,26918096336,4505201,61965695,321568dc-e86e-4ada-b518-079e0c7222cf,557c9fb9-bc8f-48fa-9cf7-9b3d17879cb5,bakke
310450553,61965709,21857196799,4552753,61965718,85b19c62-5c14-4b27-ac8e-a7bea77ba0c4,7c392685-a794-44d4-a432-02b8322ac897,dyne
310450561,61965712,24835897156,4544372,61965714,d04d468c-cc2b-441b-8d94-30fdda3e91a7,e0b13129-5f91-4038-aa39-b6c0a2637a8f,enke
310450588,61965713,17846698639,4558736,61965720,da24a606-5cdd-421a-bf19-d2ab7a26ff49,04052ca3-66d3-4665-8fde-ffc4429b0fb0,malm
310450618,61965719,24829399276,4547501,61965723,e1073734-0e28-4f61-be31-3c33c91c0cab,86b91759-7021-43a0-a141-9feb197cbeb3,buk
310450626,61965722,11903349516,4546059,61965730,dfd00ed8-81d6-4050-8ba5-232242dd0546,dfe0cad0-b209-478e-88d7-c144ae12565b,seremoni
310450812,61965783,09845099739,4505957,61965786,59ff19b0-52c1-4dc2-ad5e-ffb37dce6fa8,62db84b5-20a3-422d-a387-978e08645fa2,abbor
310450928,61965800,07817296712,4503623,61912400,e63b4d5e-ebaf-4e94-9a59-3a4e1bc463e9,438d3e16-8bce-4e8e-8f24-f645005ae848,jakke
310450944,61965810,17846099093,4502884,61965815,b6c82171-085d-43c2-9055-67152d150dce,59d5c82b-afa0-4bf6-a529-94016f1f704e,opplag
310451096,61965851,02836099551,4551246,61818597,de547ca5-47e1-4403-8054-f788bb4c069c,9f0474bb-8cfa-4ba6-b7ba-fa18b7dc7446,tyggis
310451177,61965871,12815199101,4530236,61965877,efaff6e6-c2f2-4b15-a16a-b4893dbb18df,e5ca2ec4-d65b-44dc-b73e-47b51cb91387,ambassadør
310451576,61965963,12907397147,4531813,61965969,b7bf848f-ccb7-4674-a874-b12a2cc549d8,58233042-e6f9-46f1-8459-b4d968bbecf9,jordbruk
310451614,61965980,22839199175,4547434,61965984,63a3aa9d-03b0-4370-82fe-59ecbe65beb7,3f1c0581-f1e9-4376-a278-32bb63e9674c,reserve
310451657,61965983,27896498628,4562614,61965990,f41b55e4-b248-495d-8f8e-e49def9aab72,d744c35b-8cda-4c21-9c13-b9c0db6e1805,struktur
310451754,61966007,01837396103,4556944,61966011,e19c8ef3-0139-46a2-af4d-9fb8c542a282,8159bf9c-b904-4e0f-9499-91a35b550be2,kategori
310451916,61966042,12869498252,4558957,61966045,02de0783-ac14-4b9a-bbb4-7d7dd190bd58,ccf60625-86ff-48b9-a5a0-3221f2836b98,hjelm
310451932,61966044,25879898709,4501808,61966051,834c3d4c-1d1b-4965-9d73-2cad836160ad,0456aaed-396c-44b8-be64-28de666d05b1,kompetanse
310451940,61966046,17896697048,4561566,61966054,82835df7-3c7b-4812-ac9f-203f27cd5e2b,8a9ca540-437e-4b0c-b580-dd01004c9b4d,pakke
310451967,61966055,20926696794,4563436,61966058,5015d5fb-b9b3-4693-8a47-55e6cc5a7417,d43eade2-adca-4641-a774-a64aabb56ba7,galakse
310452106,61740716,19927298972,4550020,61845562,7dba7bf1-0976-4fd0-9cfa-f9a30f0cd198,53acbcea-d818-463b-83dc-ef4ddc713da9,bar
310452173,61966114,12927198140,4570866,61966122,83a6025e-343e-485c-895d-55cad3033c4f,c6c35c2e-6c76-438d-8c6d-ce77da0bf9ec,damesykkel
310452246,61966127,09889499432,4525649,61966138,5348816b-a839-4c50-b26e-a98974992658,6e28ec09-201c-42b6-b8f0-9e43514d06f6,bønne
310452300,61966146,08815198523,4564768,61954262,d80d5e07-bba2-4c26-9fe8-4d0e7d9dd5e2,e42b2f09-9d9f-4370-b166-c6185ef9da57,tanke
310452327,61966149,08857099746,4523013,61739542,ed3acb4e-fede-4b31-b4fb-60554b0569d7,4a8d9b9e-cb7d-42bd-97a5-48500c897436,band
310452343,61836090,15906298756,4566650,61966168,170ac5f3-4889-45d1-af10-f349178aa5f7,3f57d01a-c39c-4a12-8267-5d2eaf626aef,olivenolje
310452424,61966189,01927295942,4510341,61966192,ec6042a3-2c5c-463c-b4e3-47762b48300d,90008105-785d-4985-a00b-bcfa0c73f3a0,klut
310452440,61840556,02845299555,4556655,61966199,ba7af773-e261-41ac-8d28-5294b4b2b61f,bfc4e467-b338-40b3-8291-8b9ca8f58a11,bjørnebær
310452475,61966204,13855095410,4570241,61966209,84806973-e2cf-4eb4-a775-68e8dfcce375,362211fd-9523-49ab-8790-00671a6cef64,bensin
310452580,61966237,02905696893,4562958,61966239,2b3ad8c0-0380-4beb-83d1-2cad916ea428,ec2f354c-95f4-4ea2-8405-1f297762d719,abbor
310452602,61966242,08825798790,4522455,61733453,dd08ca0e-4cdc-45e3-9f4c-63d67d477d6c,60c127ef-c8e4-4920-93ac-557f7fd21135,jakke
310452610,61966243,20916299959,4544913,61945853,85cac92e-01ba-40e6-a09c-23d30853c25a,cd7e5688-bb51-4efc-9a74-50643af84b10,fiskebolle
310452629,61966244,08810199033,4541861,61966249,4abbef02-9603-4f39-91f1-aad29ebbde9b,5e4e63cb-1e02-4ae9-8814-d54248e0b2b2,badenymfe
310452637,61966245,14844499184,4534543,61966252,3bb2122a-d032-4d38-a8b2-79b39de869aa,51504ca4-4339-4ca6-9fed-123483c7d7ac,gluten
310452645,61966246,03837496798,4567941,61966254,09f518c5-f977-4391-81d4-f7aa53440178,11f0434b-658b-4451-821c-9304a57f2cb8,svigersønn
310452734,61966265,20877899994,4541829,61966269,c4d04aad-41b1-4f35-a9ad-d60ef7a1fd47,ce6ddfac-6bf2-4f52-a466-610d20c24645,onkel
310452777,61966275,20907096131,4544138,61966282,0cb68b1b-76c2-4478-ae95-9c2f33136a5d,aaa52275-1edc-4267-a9ff-dae1579b2a26,hingst
310452823,61966287,02866399584,4511330,61966293,e192f1cd-9f9b-47dc-9d53-e6bad6f36627,1f8d2c59-0142-4796-9111-5870d188e5d9,påfunn
310452904,61966318,08836799330,4545635,61966322,7e1e4466-f6ea-404e-8aec-e8dc0eb7fcda,e9a0eb8e-2806-431a-8d9d-d2f3a813f04b,fange
310453196,61821538,07866098985,4568673,61966402,e5c262ae-2251-4c51-8bbe-67259ee6bfb4,1fe20e96-aad9-4e8c-ba08-3ea7d38e1710,solbær
310453226,61966403,10857699144,4527061,61779660,00fa7b81-f0f7-4413-b26f-8eddd97acf83,4b294403-7079-44ac-98b4-6e417866e237,buksesele
310453293,61966419,02875397969,4536384,61878189,f64cd26a-7ac1-4ebe-a4b6-16b4e72f5f59,93714941-1d03-4918-aa31-78789cc7232d,dokumentar
310453374,61966439,04825599768,4562539,61966441,8f4b6f32-75e4-4372-8e2d-c87765a3b6cd,9393600a-3b55-49b1-a7de-67b8d5131b56,bakkeklaring
310453544,61966466,10837997963,4548130,61966472,7291ea2e-19cb-4031-87e7-b7ba15bae0f4,54e1bf11-d601-4f42-b4e6-e8a9ccfa85de,innestemme
310453579,61966477,06905297145,4568724,61966486,a6225776-d6b0-49b0-a575-67623dac4a35,85dbe855-d0d5-42de-beb1-735c97a4a947,helt
310453684,61966518,27926795975,4504725,61966526,c1c720b5-9bf8-4fc3-ad81-b782e1d63ad6,b93e8322-0046-4f40-85b5-210257372cfb,klasse
310453811,61966541,16866594566,4542162,61966545,6a2fa1b1-28be-4cbf-bee3-54bad3907b07,06d8cd04-d208-4675-b23a-6d9f253f0598,heis
310453854,61756351,05827498787,4544457,61966552,bae94b72-8d61-4003-b79f-1dd993d71e50,84acde83-9925-4fff-91c8-3d9c69e936eb,dagsorden
310453862,61966554,20826699702,4557846,61966558,d45866ef-db0b-492e-afd0-6d4bcfa57807,b1ced2d7-3d6f-4237-9ef1-77a29f196e35,pumpe
310453927,61966578,10817599910,4504888,61966583,e1cc0f98-ece1-4932-8008-53e4f189ba44,7f828777-ce1e-46a1-8191-5ec8f0d93deb,terskel
310454060,61966605,21814599784,4570170,61966610,0955ac31-8bad-46cf-a922-440e78ddc4e0,4a59659e-ffe7-4827-9cb7-3b4604d4c6f3,kortstokk
310454176,61966633,01896698431,4538029,61718029,099747a5-d5aa-4de1-bafe-86d6e969b534,03828108-6013-46e3-8509-34910d6bdf77,timebu
310454206,61966639,17909299926,4505215,61966649,c59ce4b8-0a7e-4983-a648-14aba374f1a4,5f029d4f-0701-4b8b-96ac-730fc417ccd1,elv
310454303,61966664,10845998529,4557199,61966672,e94e0636-97c8-4750-94cd-e441268e315f,e4c33242-9a58-47e0-99ec-e3855b5c3ac8,fabrikk
310454540,61966736,08888298720,4541020,61966740,d4b314f5-5002-426b-b8ef-fcf1e166e88e,ced413d7-0b53-4e7e-93df-7064eee81866,silhuett
310454613,61966748,19885797957,4550554,61966751,42470239-7e97-4b12-bec4-639c8d09504a,a16f26cb-f4f5-4ea7-958a-a40f0f0f0682,matvare
310454656,61966752,13915798149,4565978,61966755,37372660-b375-4a9b-a789-e492f6c57a99,88731e8f-1d01-4db5-8d9e-886651d99e03,feltstol
310454699,61966760,01876595555,4553653,61966769,1ae48c01-d5cc-42e5-a3ae-5a84887611d1,cad2de78-c203-451c-9e3a-fc6d49ec709a,kaiman
310454702,61966761,01927099418,4510337,61966774,a0143052-48bd-48bc-9b97-c4baa18fc46e,4fc3733a-3d62-4385-ac58-bacaf53a593a,koloni
310454788,61966789,11836894997,4549177,61966794,923b1337-b77f-4197-8a27-e63c9e52d850,059d8ce9-7d0c-413b-8fb4-edf002860eb4,postnummer
310455032,61966864,14825496913,4564756,61966870,947ed45d-9292-4798-9ad7-78d3204d67a9,32621da0-ea80-4c9b-98e2-27c44c2a3577,partikkel
310455113,61966889,16854499304,4566641,61966892,f2127e7b-a359-4794-bd89-af64244c8101,80981ff0-05df-4394-8075-549269966ce4,regle
310455121,61966890,07857796777,4558206,61719931,28a2ebc8-3180-4e7b-a5d5-da045a127270,8f183ba6-80be-43eb-b8a3-eb135bf73732,admiral
310455318,61966936,29814499756,4558499,61966946,7cced10a-ea22-41db-ab48-c88cf05e8cd6,4d3b22a8-2301-4445-afd0-c58ba7455746,alpakka
310455393,61966960,13867095386,4503176,61966969,accbb043-bcce-4b8e-9f4f-bf88c4c76c4a,c8d06d42-a755-4c77-8147-cef12e50b69a,soloppgang
310455407,61966962,06877897956,4547303,61966970,f46096cd-5ee3-47fd-bad3-c0b9a154e6b5,f71f1d10-b3b9-42e1-91ff-6d392dfc12eb,list
310455474,61966984,08856297153,4564371,61849424,f42015c2-3028-4443-9f37-f63ae3aa807a,fc32b327-baa5-432d-b422-f5592af8a9c1,adelsmann
310455539,61966994,01907499916,4542057,61967006,34a59c42-9b70-4cd0-a9a1-b9c1c077ea8d,b30e1e5b-b74a-45d6-a216-17b5ec507877,bukk
310455792,61967061,01896996645,4566314,61967065,df476d13-1e4e-4e3e-b50a-eb3e8d9c1fc7,b775fd6a-1c4a-4701-9179-211c3b207035,sarv
310455830,61967069,01927396242,4559838,61967073,229df90b-312c-45e5-9e0e-e17cb68d55f3,bb1d6e75-58ac-4867-8fcf-29d0b0d58af3,agg
310455857,61967072,25838898206,4568132,61967078,889da064-f623-4c3a-9ad6-95e96433e438,1dcdcf7b-ed0c-4ae1-82a7-b8d256815b1b,systrending
310455970,61967104,11844198320,4568597,61967116,0359bf6c-986f-40df-b29b-05f1867d2162,d550913d-362f-4055-bcc7-81f9a65e10de,sofa
310456012,61967103,21906697375,4554904,61967112,9ab3b782-f9b4-498b-b63c-ce472816e314,d4f69a34-01e7-4647-ad42-3149a9bd3f88,mast
310456063,61967125,10914597620,4564396,61967129,4dfbafa4-e07f-43ce-ab90-9eb6fa0931a4,46c97121-2898-446b-926a-4caff32599e9,blindveg
310456209,61967151,29833749151,4548129,61967155,730866cb-a2dd-4bb6-8b42-97504b17ef2d,d5599acc-32aa-451a-8ced-bb95e8c24ab6,dagelev
310456292,61967175,22815899370,4551527,61967181,b87605ae-3138-4cf4-9389-a740428f76a3,a8b1c4c0-749e-4bdb-a8c6-92414da5157d,solkrem
310456586,61967242,12897598963,4503964,61967248,8374f08f-9e0b-44e1-8745-f597bf376909,16fb0153-4d48-41b0-9887-6c07ca686b53,linjal
310456632,61967258,26927096721,4546241,61967263,ae3b0c19-5196-4875-99bc-d6a87f36cb32,d15253f5-9ad9-40f0-b7b8-7a9a918ecc70,blyant
310456853,61967348,19915199375,4542454,61967353,05114ba3-8e1c-43ab-b1ba-d08de6588ac1,1888c964-6abc-4575-8c52-6204497a60a7,jente
310457116,61967422,06925097274,4545872,61967432,01d78c50-6fdf-458c-a5d5-71e63f88193c,7b177aa3-2551-4b53-b5f1-b20fab9a2eb9,avgrunn
310457183,61967439,28896099134,4555408,61967446,f0650890-d112-4703-bdc6-2a73263bb66b,6bb018a7-ac67-4657-be7a-9410a3eabc23,gås
310457302,61967492,14839898739,4534522,61967504,98439d0a-c82f-4ef9-9fb8-460b0efccf27,af29a416-ad94-4f53-b55b-90e73e2da804,genser
310457310,61967493,27917597710,4547696,61967501,c50a4d20-890f-4ced-9609-c474c3da4e13,f6a2c82f-faf4-4453-802c-6b8068496183,ambulanse
310457353,61967507,03846197329,4552966,61808282,f7dcb9ce-e840-4c33-bee6-5472d00f58da,654b258c-8667-4119-83e0-fec85189fa76,baktanke
310457604,61967557,04838699168,4558083,61967562,44570c67-21aa-407b-a58c-62101c9307a0,9d31887f-b5f6-4d4d-9aa5-29f0ca0d1eea,pris
310457612,61967559,24826097309,4537689,61967565,768b662d-846a-40c2-83ce-6ff36c659560,cec8aa1f-cd9a-477c-a368-788d721d99c5,veterinær
310457752,61967610,01838999022,4554630,61967617,0c108b06-3e0e-4a65-808c-91c0d02ac304,ee3a29d0-cac8-437e-a2ee-00158e4b187f,kjæreste
310457914,61967654,11819399702,4528366,61967659,33880568-96da-44e2-a84f-6955ae511b9a,ffdee068-ef83-45c7-960e-fb4753c49686,avokado
310457930,61967656,13886399736,4539800,61967663,6af3c288-d9a4-4494-ac41-d8118964445e,4a586928-a4fa-4db8-bf2f-43feb70d09d8,fattigdom
310458058,61967689,06837298502,4518776,61967696,7a45ff8d-e908-43c6-ae3c-4120e08682a9,940b93a7-e7b3-435f-8e3b-6f320ae586f5,løvinne
310458082,61967693,06845097982,4560476,61967701,b96a3bbc-7e9c-4a82-ab9a-9bb52d65ca96,639a3682-6123-4897-9f80-5be12e3efc03,logaritme
310458163,61967721,06865798359,4506373,61967726,a01b76c6-c632-47be-a6b2-f903ecf33943,da5f5d05-9068-451c-ad1c-b19076f893de,påkjenning
310458430,61967793,13896499585,4533552,61967799,a87cd298-99df-4359-8136-3d840879978d,0dbc3993-cd5e-4928-9f14-4e66414d673d,handleliste
310458597,61967829,30906097997,4569100,61967835,694a2b8e-8816-4324-a272-029bdd9a0b32,38b422b3-520b-40c3-b3e5-e90fc77e26e4,æresgjest
310458783,61967873,14915499342,4535637,61812125,c7e10f68-6f1d-424d-b6dc-03a6ebe1edd7,79ef5898-8d44-41d8-a290-3f3fb6726ca1,moskus
310458856,61967888,26897097930,4501850,61967892,7ca5f7bd-466e-4d36-9070-aa3acba271b5,5ea8d708-6828-41eb-a838-e48f1999c3f3,bajas
310458872,61967890,06918798089,4520071,61967896,e15fe26e-807c-4cb2-ac24-44627fc488c4,838bb665-001e-41a6-894a-8ef8f4946a1c,fan
310458910,61763580,01846095752,4505522,61967901,89fe5e68-bae0-4231-a47d-224781d3ad93,3c0af8c5-c7ed-4c4e-83bf-27368e6f17e0,hest
310459062,61967936,12918998983,4568003,61967944,5917ec00-0346-406f-af41-0875f84d83c0,8fd8310d-666c-442a-9568-21d2e18a7392,bakkeklaring
310459127,61967957,23926099167,4557641,61967962,5f550458-1d7e-4a40-9da0-9a8fd345e381,53be1830-66bb-4999-8cc8-ff731bc37ceb,stjerne
310459151,61967965,19876795127,4555588,61967968,515e8168-e2ff-406e-a697-4b65d3634469,8af61085-3bba-401c-b7f0-413853303e1e,restaurant
310459186,61967967,09845499893,4524866,61967975,05a7923c-a0d0-4c5a-8d10-fb8783e21cd6,c0bc9649-a0c1-4df6-8567-c1f354d452a9,million
310459259,61967996,24812748374,4554883,61968000,0f693929-3a06-4eb7-b6c0-25cdad8e58c8,860ff9e3-2b63-4f83-991d-97b30003d30b,omtale
310459321,61968015,01843348188,4569173,61968022,a71cac62-419e-4ce7-b2e0-a639c2e5f4c3,bd304817-50d2-4190-8aed-4c100c1e8573,deig
310459348,61968018,12812748597,4530190,61813231,4e590268-e438-48b1-89b6-8ccc5d3ce9c5,98f14940-d325-42e4-96d2-95f6e73ed30e,nakke
310459402,61968037,09896297748,4569778,61968044,52b0d143-bddf-435b-a3a6-8adfef937720,b3d65d70-ec39-4859-8d64-f50f978eb414,saudabu
310459437,61968048,07886699179,4544156,61968053,bda230e2-38ab-4480-9174-108aef9992b3,0f6599fc-2dd1-4066-8f32-b63d1681dea3,kryddermål
310459496,61968060,18825299994,4539908,61817403,3b95265a-c705-4b26-9502-02ea7928b33e,7e4b492e-1e19-436d-b6c8-8222a227ad7e,distanse
310459593,61968078,30875899747,4544561,61968083,6801247c-fb5b-460d-9bea-1d8acfa9e05c,8a274d46-c66c-466e-ae4e-9df14b8c5932,formiddag
310459712,61968101,15824998334,4536127,61968106,257467eb-8c50-41c4-9d0b-0f7c0baf0b01,5ff70823-4fd2-4dfb-8f7b-242780dff804,aroma
310460079,61968194,09885998892,4505669,61968199,f2b277d7-e54a-48ee-8401-5e784bd358a5,264710f2-9c74-4e2c-8fd5-79aef2874ff2,bonde
310460087,61968193,15907599288,4501713,61968203,935c97e7-e3a1-442a-a1c6-d878d791c2b8,d4fb1043-156b-4de4-990f-5c5fdb68188c,veps
310460109,61968196,21834798589,4541506,61968208,1ee532c9-c18c-40e8-a633-a72e622a3f36,ef1467f0-9eda-4449-8942-d5b7f814eb74,japp
310460192,61968231,07916799521,4562667,61968235,88594c8e-6b0a-4d96-9dd5-99f7dd0d8f4c,14470d7e-c435-4e5d-ac16-b8e30785e00e,funksjon
310460230,61968243,13856796501,4539290,61968246,84939e91-1fa7-4ed6-9d24-da1c90b900d4,f5c4e82b-0aa0-4c35-b9c2-edc79da6b3ee,fille
310460265,61968250,20828499212,4542346,61968259,fd0bf32d-0b65-48ff-86b8-2f74af055fcc,dfb01499-5cd3-452f-be1a-13d12c4f830c,pamp
310460311,61968266,22841048230,4557304,61968271,7726fc4a-1223-474a-8e4c-3273fdc4d104,7363a2db-39e1-4229-91ed-f15c5d271397,gåstol
310460419,61968288,07857195544,4539278,61968294,8e745e85-a749-4423-bc39-f91dd762912b,010d698e-9df8-4c26-b743-66c874c2e61b,opportunist
310460443,61968299,01885299748,4546589,61895232,42546dc7-d493-4b0b-9897-d3e2ceee4f41,5e7f19be-7482-4665-b3bc-d21b3130f8d4,kanin
310460583,61968334,11885097857,4565808,61910664,d9cec2a6-02eb-446f-934d-defa59b4b494,abd60cde-ff7d-4a4f-afef-c14e5332f916,bøye
310461296,61745599,09816599196,4559363,61968532,4515e9d7-6bf0-4220-b20b-65f0a62c1c2d,23598bf5-6f2c-454f-b220-2dc72a3979d8,appetitt
310461407,61968554,21916197109,4504772,61968557,a365affd-09c9-4b6b-a488-ff9cb11f3bb5,5e960ce3-8c5e-454f-adf9-34d7d8411c7e,geometri
310461466,61968568,06826299388,4518579,61919330,6a2de7e0-370d-40b3-917c-572ad8890c6a,e2a5a95e-b7dc-4b32-ad78-75920d58b35b,bedrift
310461474,61968570,21925798727,4538401,61738353,de251fce-cca8-4e44-b86e-d9724a753414,ec5c3f00-d71f-4764-aa3c-652303c6bd04,pedal
310461512,61968581,06926598404,4505602,61778608,b992e7e3-e5ec-4a3e-8598-dec3d2117d75,e7552e4f-6401-4103-bf71-17d78a2fe1b7,pedagog
310461776,61968632,09907494184,4525916,61968638,86f2fb0d-5775-4f1f-9b46-3486914d0eba,714f6308-6c9d-4d8e-8695-86903471e0ef,grøt
310461806,61748502,04856097175,4560559,61739682,929c8dd5-fdf0-414e-b7ca-a70482dc742b,57e38eae-71c6-4963-ac3d-488d233bb376,støvel
310461814,61838728,26894297998,4537059,61968649,ef0cc3d4-87e4-4199-9d83-fcf6d2af1249,3d076dee-b1d8-48f9-98d2-58542507622f,kulturplante
310461938,61968670,23827998079,4546405,61968679,aa989cc1-d340-4d13-8265-aa21363b4137,8250839c-f72b-4ed2-9f8d-8b0dad148de2,moskus
310461946,61968673,08815896549,4505508,61968683,ee257470-921d-4f4a-9092-12319ef0612f,42cf30f6-5f19-476d-bd5f-8524eb4303a5,pyjamasbukse
310462039,61742780,16866096744,4547881,61968699,26974d24-d9bc-4695-87c1-f7169208ff0a,69430714-811e-40aa-b41d-d70dfa6d9b58,bru
310462047,61968695,02916398355,4547080,61739919,528676ea-6672-457a-b578-edfed287c7f6,1a840adc-5a18-4251-8ad2-1832ede939a5,kvinne
310462748,61968866,11918099931,4529987,61968870,793b23b0-4dfe-40ac-8cbc-57e56b7710c5,2e6371a5-0226-41d1-9c49-96f07561f9f6,medaljong
310462918,61968913,19907799932,4536699,61968920,3f5260d7-75fa-4f17-a352-5522372170cf,2cc21eed-de99-46c5-9360-6f640941f34b,konge
310462926,61968918,05878399376,4546953,61968923,32fdf414-0517-4dd9-a4fe-688877b79a8c,4de305d6-c461-4650-8245-bc738f1a1634,hankatt
310462934,61968921,22857296587,4540721,61968928,5c3c1909-6777-46f8-bcbb-b79f69e6abdc,4e17a02a-2a30-432d-ba2a-61aad677c3d1,humor
310463043,61968952,12826396790,4536682,61968959,987a5a1f-94e2-4d8c-8302-64f1d04019f2,d9f49ab0-19e7-473e-8399-2a6f865aa914,juni
310463299,61969017,13836596913,4537528,61969022,2f00cafb-ebca-40ce-934e-7a024a886d65,b3ab233b-2d91-4be5-9f58-29c7556cf831,dokument
310463310,61745849,25813249998,4566402,61969028,d9da0cb8-c6f1-409c-b35d-a513a5eb4b24,f70fc62e-5ace-45d3-829b-547df901a75e,onsdag
310463345,61969031,12826599799,4562631,61969036,6b654d37-0415-41d3-9a9e-23cfc2c43388,105c2104-3541-4154-8fa9-db511a9741d7,korgstol
310463353,61969032,21896999300,4569992,61969039,cce7792a-a255-4bfc-8a1e-f2f41c74bee6,39e42604-734e-4871-b2a6-ee511a113ca0,avtale
310463434,61969048,28899297492,4557919,61969055,92341ecc-94bd-408e-b74d-768a7a12855c,02d97ce4-1382-4061-9cd4-1b0870182db5,leverandør
310463531,61969073,18846898529,4559101,61849041,770b75dc-c07f-4fc8-8dc9-1485ab73f596,59be8435-e7e2-454f-a22a-a7d03ebda5bc,dagelev
310463604,61969091,21884897170,4502136,61969102,bc8729ae-a7d8-48e4-a13a-70614767d8ac,cebe410e-79d3-4d65-9402-c9656d1d3b51,pioner
310463663,61969110,30897098438,4566700,61806239,70bbc3c6-4309-4bcf-b6a7-6443000c30a2,099cf686-f2cd-4808-821e-9351a3281f53,oppvartning
310463922,61969162,11917798631,4551401,61969176,7e91489d-d631-49dc-8824-e45e3cf7ff49,543a611e-ba6c-4b64-bf67-307044ae0b06,tre
310464082,61969220,12876896816,4558257,61969225,11c82fa0-083c-4530-afc0-035fb3ff3bf8,a8509e8f-459e-44b5-9891-d10427238a5e,algoritme
310464236,61969258,26916397126,4504047,61704185,a1e1ab65-bfa7-405b-aa81-c26342c66cb6,34204986-eebc-4ffe-8c69-cbfca5457a88,marengskake
310464252,61969266,14862949340,4503065,61969270,552eea70-170f-4012-97cb-8042cd4bca71,40ebe8bf-103e-4545-8b10-84091a50976a,havhest
310464260,61969268,19846899270,4566057,61969274,777e7e33-1076-4db3-8308-7c0554b2406b,f78cb9ee-e79f-43c6-8808-719b2ccfe67b,støtte
310464481,61969318,09867498793,4547750,61969327,96da0ea0-3009-4599-8dd0-61bf42ffb313,8ad98926-9c51-44dc-85bb-34be1571345f,journal
310464597,61969350,20836996950,4539565,61856581,011e3f78-a570-4606-99fd-e1fed99f01ec,0511fcab-8111-4735-aee2-6efd25f284b0,familiebarnehage
310464686,61969376,04917295617,4546387,61969381,d834c3a9-0eb7-40fd-a9fa-9e6a148369f5,40549ad2-48cf-4274-8968-35e540a1862d,skade
310464708,61969379,19823648971,4565460,61883123,b4b65c8e-7b6c-4dba-bd7a-d2191c7bdfa3,f20f922b-caf4-4c6d-a2d7-225d266f542a,kjepphest
310464716,61969380,14875799054,4535096,61969394,68b17edd-943e-44c5-beca-eb860fdd5523,45b40618-efed-4634-a7d7-0b923d841d61,badeby
310464848,61969420,20827098931,4562928,61969431,4522a49e-39cc-4167-a324-f0eacc1807eb,a36fca50-e51e-4d96-a575-eced81cf968f,pali
310464856,61969433,02905098112,4502527,61961884,82bf903a-5edf-48c6-99a3-66d3557c3985,229aed31-afaa-4943-a179-59275d268f92,trenchcoat
310464945,61969447,14886095458,4556181,61969461,40d2c85b-479a-4c56-a2c2-81f6a6d09b43,7f46140f-1373-4c53-b4f8-793337d4bfe3,fjellkjede
310465224,61969514,08866995401,4556448,61969519,18200656-33b8-46a6-9e2c-8ed012f1cd9d,497f4ab3-6262-49e2-86fe-8ff90871ee87,flyvertinne
310465356,61969544,27848396430,4559146,61969546,f72f4429-95d8-4cde-84ee-978e09d6adab,50d0c439-ccaa-419d-8090-604cb97b9647,filter
310465364,61969545,09816099797,4524339,61918022,5f02284e-d1ee-4f96-ada7-06d077d5393b,10780302-5915-47a9-8175-f78388087e0b,bakkerekord
310465380,61843401,12829898509,4559811,61969557,c91a7897-7f1d-4166-b621-f49bf1179350,f7afe836-da7d-472c-bb3f-b6f4e5352b65,støvel
310465410,61969561,18885298121,4565105,61969568,b9c49993-13ec-4ebc-9f6a-91c2b46a7098,23ff605d-ade1-4187-91d1-83acefee029d,dessert
310465518,61969595,20817698957,4551696,61772294,9c8aa472-f4c5-4cab-ac2c-4419fd93ed3f,4d4a4696-9d99-4fad-8bdc-a60fbd634b55,duk
310465526,61969597,05875898754,4517414,61969600,ef2266e0-555f-4318-b316-2be2ac5a7387,53f6d23e-cb2f-4ce6-a33d-65167ad2653b,bakhjulsdrift
310465534,61969598,04900099881,4551688,61969604,ddcfd743-8019-4126-ab7b-e2f87f9efe0a,80aa1a1f-68a1-4eaf-95a7-36610a57c2a6,formel
310465585,61969611,29819699133,4548852,61969617,00f5b6fd-2a33-4b25-9b75-e647a106a918,43600103-56e3-418f-80f7-0dc4eb740ed3,konsonant
310465887,61969686,15846098302,4562392,61969690,7588bf09-e730-44e9-9345-06ca38eb57fd,5328205c-ea5a-4217-ab92-174c07065f43,alge
310466166,61969758,26859398854,4542273,61871257,39d91385-473f-4cc6-9395-947f737fd6cb,95bc8634-56fb-4c98-aa26-c10f65577204,hofte
310466409,61969805,27847194974,4545532,61969809,0bd0d01b-cf20-4d3e-b1b7-2fbc409c1985,eb370877-00b3-4fae-8904-7cb7c1b76697,månefase
310466425,61969811,25904596712,4559506,61739261,30de0faa-d0a6-41c2-86a0-d74ad6b54aa0,b15a21da-acfb-4c64-ac91-f1ad4d8c70c5,matpakke
310466557,61969840,09905798798,4544742,61895284,0fa3e5f3-cbb4-4309-9299-7a759444f849,86887719-c51d-4662-a5d7-1e2aa195a9ec,øy
310466638,61969858,04888898366,4561551,61969861,5eb7c605-4737-4d09-804d-d6f0b17e8135,fe47e20a-9cf0-4bec-9720-9f153f25e3ec,familie
310466662,61969865,08837098115,4506357,61969870,f7b70cd6-8e19-4063-b331-c851f3c76f43,7df92922-1557-41f9-acdb-c885b11e9b0a,vaskemaskin
310466697,61969875,01917699867,4552642,61969879,ac4498a5-7916-48c2-a092-1bf8aadcf4f0,252c52e4-ba3e-40fd-a360-815d42473bef,klinkekule
310466735,61969886,30918999236,4549902,61969894,c0974367-1a83-4eaa-b748-a6164ce544c7,72813a84-5582-4a4a-9796-9321270fb078,skorpion
310466794,61969902,31814795775,4540309,61969912,2562b3c1-29e9-4ed1-9a0f-7772d5f0e255,0bbf3596-8e47-4126-9699-b97815750207,jord
310466808,61969909,06856995524,4551040,61727826,9bf028c3-e240-416b-ac32-75f86e6fe9f9,708c2326-5a5a-4a05-b67c-997305aed075,vaktel
310466875,61844250,24919499679,4566054,61969932,dc7d6338-ebd3-4904-b677-ae94850cc370,ba24ed96-8e20-4020-8b78-fc2c8ca034c6,suppe
310466891,61969929,28902748964,4537530,61809843,3c3ad4a5-6f32-416a-8edf-10d985dd2cc5,ff7b2633-98a1-4c7d-9ea7-6eef3482dd00,kamera
310466905,61833008,08906598826,4502030,61969940,f29f1fd1-4b54-4fe0-bffb-b7cb9d45fdb2,1f2d5902-cbab-414b-9bbf-64d452cbf46e,torsk
310466964,61969955,30837498976,4549881,61919859,e8b8a991-e33f-43c4-8b74-6fd5d0849674,861e9837-d825-485a-9aba-1935157c17a4,kentaur
310467030,61969972,28841249757,4570250,61791657,f97b9ade-4f6d-465f-b970-0969da8a4b0d,29933dd3-e042-4954-b4a2-b0bde60a92e5,toppvinkel
310467073,61969981,09887497122,4536344,61969983,33d81574-a719-40bb-add1-9d4c1a6c3f92,4e87aee2-2fee-4c17-8f6a-351d145795a3,servitør
310467138,61969987,30869199814,4552697,61969992,79ff5909-4e5f-48a5-b64f-81e59179e28f,01abd921-ff05-4475-b732-3a6ce127a14c,kostnad
310467200,61970003,30879496558,4560200,61970007,4440ad79-cb89-49d4-b0e8-2d7fc6a3116c,b3b0d835-b1c1-4961-9711-65785270f01c,måke
310467227,61970005,01835095149,4544962,61726280,8d84d3ea-e9f4-4b0f-9729-e3c33ba2ad86,a6e5925c-1699-4192-a30e-9737a9b15fa3,struts
310467308,61970035,14886795565,4535289,61970040,a143c2b9-9412-4ffc-b3a5-c17cd2182022,d9f9210c-dfc9-4e3c-84ef-bc38dba398c8,betaling
310467499,61970088,31852948925,4542824,61970094,2eae9843-4de2-40ee-80e8-5ce9175219ae,a8409277-94db-4450-95e9-d07638197824,bringe
310467510,61970093,30924497994,4567501,61970101,31aed229-ae83-43d0-b1b3-67749b38b95a,d205be9f-f3fc-4f96-bd2c-5264d4712485,klovn
310467561,61970113,03825597394,4561246,61955092,e4d1cfa7-f2fb-4a1f-9951-bd14f0209f8f,f6c92793-4750-4292-96ca-a6a00db19267,bokorm
310467626,61826832,24867398658,4564425,61970122,0fab8b01-8afc-4368-afa3-3ef3dc120da0,dbcb01bc-b3c3-479b-9a95-7ffe2fc93099,fange
310467782,61970153,12908898972,4556455,61970161,1579ef44-7e45-49d2-ae02-7a255a8c196c,1ab58619-4cb5-4b45-805e-3cdbefab412b,mobiltelefon
310467820,61970165,27874697597,4536951,61970170,4481524e-443c-4c6a-b08e-26aedf5c9a8c,6a99e492-6425-44b8-82cc-4db400e63cfa,bilde
310467928,61970179,04867296927,4561222,61970182,74b3dcc3-3ffc-413c-92ee-0d4fdf95febb,12896ec8-18fe-445a-90d6-19bbab60a674,pedal
310467960,61970195,15896396304,4567541,61970201,891c444d-e176-4f43-85cc-bbf7b76dde0e,b832793b-bb7a-4713-8266-c957b1c86985,vifte
310468134,61970240,18926999482,4554452,61893767,4641af62-7f03-4605-b16a-3621d91bd4b8,e5344529-eba7-42f4-a5ab-f67f1fa960b2,jord
310468177,61970259,03906098503,4513919,61970266,73f22865-29b0-4197-830e-84f5902bd0ad,3c069a93-9410-4adb-93cb-944fa37ab22f,sønnavind
310468290,61970294,46877400328,4561272,61970300,2c2afecd-9a8e-4dde-a96b-bb1e1373edd3,9dd4e767-317d-425b-bd14-52fbf049f570,mor
310468312,61970301,02836199300,4547402,61858938,db312578-00f0-4c45-86af-8e0333cd7d55,d1f39bea-ec14-473b-ab0a-2769395eefcb,vevstol
310468568,61970352,23866299978,4562183,61970359,6245f0a7-7794-4c86-9fd9-ae09f61316e3,fada5260-b89f-4288-aff1-61fd6867aad7,kontroll
310468738,61970393,05874299423,4517362,61970403,2e492e03-59a1-4b15-8eb9-634dfa8537aa,2e847927-12bf-4702-85d5-316d05e6d357,metrolog
310468843,61970430,01894897542,4540097,61854187,4efba71a-c4eb-4402-9560-005d4a2cc862,51058ded-9794-4f34-8516-02bf5f00602b,solsikke
310469084,61970490,25824798888,4563710,61970501,2e530349-0091-47f8-9c3f-c393fcf9ddeb,99dbde2f-a9b9-462f-a787-d70d5254652f,modell
310469130,61970507,04846798671,4555421,61970511,0931017b-37f9-4bd7-88f8-ece7e9f0b89c,74cedd07-b956-4a9f-9b23-b63f582e2f3a,ambassadefunksjonær
310469165,61970513,22894299529,4538091,61970516,dd5864f7-c48c-4299-87bb-ae6c9e1c23c7,c8c717e3-d21d-41ff-a098-44f7bc8ac28a,radiostasjon
310469238,61970527,29837097493,4560169,61970533,49059365-d27e-4bcb-928b-2eaa9fce672d,efcef17c-a8ac-46eb-926d-4c083e4d2c61,okse
310469246,61970531,17834797739,4560168,61970535,9471ab79-4985-41ad-afe1-83e191ec554d,5af3333b-e6b5-4362-af0f-4a47ca263ed1,badeby
310469351,61970562,22846397969,4548402,61970564,aa36e628-db75-4ef4-ba9e-1580f9a049e1,44060688-87d7-46bc-9c3d-9846b90dedc5,omsetning
310469416,61970579,07837499024,4505432,61970582,710efa74-3601-4c31-aeff-99b1d0164652,52dcf13e-77e6-4344-990f-400bf1b48530,and
310469521,61970609,19917895689,4562728,61970613,c0494465-9317-4bfd-9606-1ca414ee4204,189ae7a0-a41e-4b97-962c-fc3fe94270e3,agurktid
310469629,61970634,06906199910,4552471,61970639,db08a761-9dcb-4d34-8b92-8e4fe36b971d,cb4e1d19-b320-4aec-b436-8cfff9324497,fluktstol
310469734,61970659,25838398483,4538374,61970664,9d77fcf5-cafc-41c9-a9fd-426a52b28eb4,27024d6d-e454-4f15-93c5-481992319a7b,grøt
310469807,61970684,07825499169,4553863,61970690,b05ad243-53b0-4149-8759-ed527e1fcc08,6e92fcc2-6eee-42d3-ae98-23cf2dca3886,ambolt
310469947,61970724,14926996984,4535840,61970733,f83fecc2-8ab0-478b-a325-beb65aa082ee,d7809aaf-c015-43bb-9f0a-cfa28f246e14,genser
310469971,61970738,23834799189,4570723,61970744,d367e6c2-98a1-451f-b89a-c7ab707df132,150b1e2b-2bb3-47aa-a6f9-94a3b5f555a0,aprikos
310470139,61970780,02837199681,4510837,61970793,e0358ca1-3859-46f9-a404-4097e06d41fb,a5dd80fa-cfb8-4bb0-a58d-7df6e924155a,bly
310470384,61970853,09907796733,4553891,61970859,7644a39c-4758-4a57-b5c2-b36a2befff20,8c9272e1-d391-4137-98f7-71964f1cb656,lampett
310470570,61827805,09906397797,4551402,61970900,bd9ac894-2527-48be-a250-8713b52786c8,ade58c59-3d07-44a8-bfba-1f71fe8d7576,spasertur
310470678,61970917,06862549536,4546423,61970923,273c7421-e759-4cbc-b1c3-69add069316f,22f748b4-cb42-4abd-ae46-78e8dddf3037,havsvale
310470732,61970933,08845399329,4538691,61970938,f0deb0aa-6826-40f9-b7ad-34e6bd2c1f57,7a7d4522-b0d0-4f16-a783-55435562a715,hymne
310470775,61970942,22928299035,4551372,61970947,ee895801-47b1-4f38-9fbf-0f785dcde2aa,d36b365b-99dd-4e14-98df-25545ccbdec5,moskus
310470791,61970946,10816397788,4547109,61970951,e7352e07-0e4b-40dd-8647-186fb843ce6f,ed4aee85-a1e4-4efc-bedf-c20cf65c6972,pianist
310470805,61970948,22827098667,4536753,61970955,1518a25f-bf21-4b24-acbb-67b29251bd02,f778690c-d93b-4ec6-a176-4644142e5c62,puddel
310471003,61970986,30878598470,4552139,61970991,2a553bed-144a-4b21-ae31-b155564e257a,a89e647a-dadf-4100-95cd-5406441d9b72,møbelforretning
310471089,61971010,21833049809,4561725,61971013,9bdeea19-874e-4880-b9c3-293e83cc16ec,4a08a998-fddb-41d6-9863-3f12126d5ae3,trakt
310471127,61971023,07827398149,4506340,61971027,31709cbd-a671-4e88-a4a0-93ff159b5162,e20095eb-f190-4c35-a447-d21d05ca8c17,kjøpmann
310471291,61971071,11827697364,4538210,61971073,3c12ca3e-5413-47d7-a328-3d2371724004,3648eead-101a-463b-9e83-5d848b3925cd,fisk
310471305,61971075,04877497904,4542618,61726362,885b3d2f-d9aa-4934-9a3c-416d61d5525f,19cb0d34-6c8f-4b51-8944-6ccc65db6850,episode
310471585,61971122,21845597771,4547249,61773012,16df4476-c4e1-403b-99c4-fd91731da30d,50e98abb-257b-46c8-9b5e-d4017cc2e06f,dør
310471593,61971124,31836999927,4502258,61971129,d5eb9499-276b-4835-ac14-f87553c6cbd3,7f03fa58-5a38-4e2f-bcbd-67868a2faaf0,jukeboks
310471658,61748586,03837199378,4566687,61971140,4571830e-c3cf-4186-8fab-f2f2002ca3df,48c97a31-9200-4169-a2a6-dabc68402236,håndkrem
310471763,61743075,11897696934,4538340,61971171,33b46847-e528-41f0-b744-447e1857ea9f,bf21d8c5-dfe0-4f93-8f8a-2723b337ccc7,villa
310471860,61971203,07826196763,4559286,61801377,a2160b91-0cd3-4680-9c5c-4a4c001a9cf4,c5f47ee9-6666-4981-8c43-ca9dc2845148,myntsamling
310471909,61971220,25890198719,4538330,61971224,735810ee-6d02-45a1-b1c9-940008f29587,9d88a3f9-a8da-4518-b35b-fe2dfd595dbc,bry
310471941,61971229,08877897177,4506256,61807172,7618552c-35b6-4615-997b-669ae23af455,73f69ffe-3385-4217-9324-fe79825ede40,konditor
310472042,61971252,15837197144,4544573,61778246,e755feb9-c18c-4d0d-b0f0-95620fddafbb,17058a06-5072-4e1e-a07c-6961749a8511,kateter
310472077,61971255,03815298135,4570621,61707094,a406a459-fc14-4001-90a0-3670a872b63b,e6f86dae-b566-4396-a0a8-50e5e7754a11,guvernante
310472328,61971324,21858898835,4554830,61971329,8b3068d2-c302-4518-ba1f-dbefff40e8ef,80ce9bf2-c851-4e82-8df3-947579cbb019,trompet
310472336,61971325,07895798600,4521626,61971331,ce08f48d-0654-4af7-8c37-9263e7a0b4f2,ee68eb6b-0dcb-43da-a69c-1e02dc40dbdb,alkove
310472352,61971330,03905796762,4552207,61812911,aa194a91-1d08-4d11-9bc8-0e62d9cfb374,cb19dfdc-178e-441a-8ce8-7b4101a2909d,konglebit
310472360,61971332,06905799574,4536317,61749650,156eecbb-9722-4918-95f7-8bc168791bdf,d037c961-7517-4369-aa2d-84aa2df7bd36,kupé
310472417,61971344,07817495960,4520389,61971347,42515bfa-8ec5-4199-9f1a-260a8d1b6686,48cd901e-ed71-4a2c-8476-e318de3a9987,mølle
310472832,61971442,09825199850,4561966,61971448,70363183-4835-445a-bd7d-9d58e6a19d6e,e5b0bd15-67b8-4b7a-90d0-cbe9709c7a40,avtale
310472867,61971451,29919498003,4567007,61971455,987303cc-2893-481f-8d80-cd983548d470,a673e6cc-3209-48af-8d44-99bf5b22e9aa,jordbruk
310472956,61971485,07917299565,4550267,61971490,9c40508f-25c2-4148-a1ca-899a2cb61e78,35abd462-710a-4fff-b339-d1483d2a9411,aktivist
310473014,61971498,13908999716,4563580,61971502,646e2a6d-d89f-48a2-985d-0847c2c25ed2,3bfed82d-b208-4bbd-9a87-7bb2ff5e00bc,tregrense
310473022,61971501,03906698942,4505830,61971504,37c35788-c895-4fe0-b6a6-73a96d0815b6,65be2d23-8e01-49e9-97ab-0a16978bd163,hund
310473154,61971528,05817799886,4558333,61971531,f8921e0f-6c16-4bcf-865f-1aa8fb39b899,3a519051-8ede-4e52-a3c5-72e932c175aa,æresgjest
310473308,61971567,10868097731,4553457,61971574,546eec78-7922-4f0c-99b3-9377d1940879,67659e4b-285c-4961-9e3b-3518ace18ace,larve
310473324,61971573,16917997865,4542635,61851239,2c6dd8d7-92eb-42e3-8aba-ade2d5d17a97,e23c89ff-9c39-4f0c-99f9-e547613659d6,farmor
310473545,61971644,08816498342,4539972,61971652,af2a8afc-2b31-419c-adf1-163f7255befa,1a75d996-0b79-40eb-be6b-c29355611586,bildekort
310473561,61971649,27827897049,4566171,61971656,adb97403-ac2b-44e3-b663-d0463b367d91,840d9a29-7d5b-4add-aee8-836cb2d2953d,sanddyne
310473618,61971658,22918399732,4555490,61971662,7718d56f-c8f6-45db-9853-0dce3b8775a2,eca64fe6-dfd2-4241-81fa-cc467511e44b,terskel
310473626,61971659,29916396188,4540435,61971665,a037ddb6-541d-4c3f-86d4-8fee5add0ede,0ea50c26-04d5-463e-a0e0-860aed9cbad5,kålrabi
310473642,61971660,17856598950,4555547,61971669,ca33e62c-8b84-42c9-9f00-3551f72b213b,09985d55-a12a-4c05-b0c2-f21bf53a3fa8,ramme
310473847,61971714,14846198394,4547752,61971717,8709d442-aab7-4b45-8f9d-8209948db2ee,5ac615a4-0ae7-492c-bdf3-c7aaddfd28cd,rødfotsule
310473871,61971720,13876798764,4533262,61971725,3d1c3457-052c-4538-ba6a-f34fab324b08,b5c9b63b-f295-4889-8cdc-8da16e15b64f,sjeselong
310474053,61971751,03896096736,4544137,61707176,6ad54f37-23e3-46a2-9250-4989e19d67e8,801ace6c-c61e-426a-a5eb-3b812d1b6793,treff
310474118,61971766,19896998539,4555372,61892532,b865ece6-121c-4b44-acfd-d5cfcec7b187,e18e3ea5-6333-4e3b-9493-618675fe7a8f,praksis
310474169,61971775,02856696076,4544892,61971780,0112519d-dd21-47b6-a91d-85ed49680200,f7e24104-305c-4666-bb31-a869de1484c6,formann
310474177,61971782,06816599502,4518402,61971787,20c32f15-b3d4-4b6a-adde-d6314a6e100e,d8b07426-4ee4-4b1d-92a4-c8a06f7b0aa2,filt
310474193,61971784,19927899771,4554819,61971791,ad7b370d-a6af-4aa1-ac52-5e0ceb4b6ea9,17a8e80b-93a9-4921-af8a-fa47c5aa5555,melding
310474282,61971806,13846796279,4505047,61971814,3ac2a4c2-4e81-4d26-bf85-3a4791f2c282,e301944a-e1d8-4985-97fd-a0fb5124d1fd,brus
310474428,61971849,19815997363,4503944,61704520,ab5a42fb-54ad-450e-ab18-55d8836ffec5,235fdc8b-fdae-4f8b-b28f-cefaf21a0c2a,litteratur
310474576,61971891,20896196368,4565786,61971899,72b911dd-50f0-4f88-99bc-c1a338a9db30,39546f6e-84e8-4937-acf5-9387bdb871d3,servise
310474622,61971905,11914999997,4529910,61971914,26638ba9-9678-4b87-83e0-5b76b12c343b,cba26e84-d551-454c-b4af-71f3c583ff3c,kunstverk
310474789,61971956,08885299963,4567649,61971968,b8b09149-c53b-45c1-b41d-07da35d13e1a,2a80694d-35a9-4ff6-b8a3-d78655d24364,klovn
310474797,61971957,24839799159,4536791,61971969,77d36e95-c8db-48c2-8217-2802ef0e6019,0e113a7c-3525-4c3b-be0e-2a47a25013d5,æresgjest
310474894,61971989,12919099737,4502625,61971993,2a2ee296-4e1a-45eb-b99e-6d1b65781f41,7045f0d9-c5a5-4b37-ad97-aa8efe1a55f1,grandtante
310474908,61971990,03826599595,4502073,61780588,3f713ae1-a4a7-4ff5-ab73-b240897cbcdd,63f320f3-5c79-4f60-a68c-07b777b75f63,bær
310474959,61828937,26834896574,4566973,61972012,87d3358a-4230-4225-bb88-58d5c68212a1,5e42e4d0-4614-473a-b266-20d9fea5b6bb,servitrise
310474983,61972009,59836601305,4559784,61972026,0f985c4b-073d-4954-9740-c850505311c5,2d72fbeb-acab-4056-b16b-36c4afead9ad,lenestol
310475025,61972030,23925899186,4539883,61737390,a959cf37-e449-4517-ae74-11c138eb5519,ef2f6eac-13cf-4ad6-8bed-4a29e907dabc,malm
310475033,61972031,07909998411,4521910,61972036,4834a48f-5deb-4c06-86b1-753c0bc683ef,cc08047d-a907-4395-b201-b80f291bfe32,trekkfugl
310475173,61972061,19865796164,4561899,61972066,66b0a379-a0ee-40d3-980d-50ebd90cb7e7,7a1db7ed-53ff-4f87-9cd0-fa29c53d860e,arkitektur
310475270,61972078,12877395128,4536786,61863446,03f284c2-49d2-437f-b58f-9d266dfbd802,43f3ed03-e30e-4348-bb6f-77ba2397aa18,kjøttdeig
310475416,61972103,29916099191,4561608,61972110,6b98f5c1-709c-42e7-b25d-10748250266e,f9d38156-bd73-4feb-b405-5175cad64c89,svigersønn
310475548,61972131,08853149145,4561962,61972134,64cafaf0-389f-4067-b594-3eccc462f7e8,c00788fc-c980-45de-981a-3dddae077ab4,talltegn
310475564,61972135,06866198533,4560597,61972141,efecd24e-707c-47c8-810c-35bf707f0857,ddd5b40c-a855-48c1-a3ec-a5a6626e6420,anke
310475726,61972173,22837596479,4542667,61972181,0406e62c-4a84-492b-b210-3b4447c6e0ae,dc2058e3-bb06-42f8-8aa1-009dd251b0cf,skytte
310475750,61972183,16854299372,4540404,61708715,ec996483-e115-44a1-a237-5fd2f2017541,c2473f0f-4abf-4b54-b3c0-911445f141f7,grammatikk
310475858,61972204,25918698151,4562723,61972209,b79cd011-ecc5-4e9c-889f-8b76bd79f627,5c807421-e83f-4713-9e58-9a6a2b370faf,papp
310475912,61972223,08876197708,4523332,61706852,9be4dcef-7a7d-4cd9-9d20-5d0d60f72581,f13ed643-6483-4b5a-9f41-573b0522e16f,panne
310476072,61838704,28854699557,4537093,61972275,0966eaa6-a77e-494b-8ca5-b4f9c809c389,a6e6a25e-6f02-4947-a8e1-4f0c6b090c3b,handelsreisende
310476099,61972276,13869597176,4556863,61772843,d2889c43-7fa8-4fee-b6f6-6acf8c5cf511,f3c95c87-5298-45c1-a2ef-276bf96e1970,bøye
310476102,61972277,03926198938,4557554,61972280,8c429fc4-e566-41e4-9e95-479dfa5a7dc4,5dc4b231-2178-440f-825a-df9015d537db,frostnatt
310476218,61972297,21825598070,4556162,61972303,d162e4f3-c00e-4357-8666-0fb2385006c4,bd7aa8d8-96b1-4e71-a8c4-6de33ed66aad,hylle
310476242,61972305,22829498425,4549888,61870679,2d9627cb-966a-4369-bce9-df7757fe3f7a,1be184a8-8a85-49cd-bfe4-c9e1d6ad9e1e,fiskekrok
310476358,61972334,26836897314,4563494,61972344,b96b045f-135e-4e64-a43c-b76265e00460,5fbbae4c-3c71-419a-a637-f4f58453a186,onkel
310476390,61824718,31907496972,4504506,61972359,d3695053-0d0e-487b-a24e-61ab18b3fad3,aa370464-9ced-444e-93a8-8c252adc6103,trane
310476641,61972420,18815798933,4555008,61972428,94d813c9-675e-4b32-973c-75de656246d0,d591be3b-6f2f-4cc7-9fc0-c806cdaf1ffe,tomt
310476757,61972458,27918696380,4551352,61972465,328b5bf5-53a4-4464-b564-6cd8ad11764e,055864a0-a7f3-421a-af6b-1782ad77e092,del
310477052,61972534,14893349767,4535358,61972543,c1a8447b-7676-4fba-ae04-41159725095b,aa0afc8c-1ae7-497b-b5ca-e733135a0290,kabin
310477133,61972572,05895699162,4546390,61788786,66301d8e-7144-4d85-9f3f-6b58ee00e2fb,ca51f502-8203-4dc8-8d7d-c5987d31e65a,veranda
310477192,61972580,13904899873,4533669,61972583,516293de-841f-42b8-ae89-e71a5493c74a,e1d09676-348e-4a7a-bccc-1e085de13b22,alderstrygd
310477230,61972589,24895397535,4569871,61719509,76d16600-e6c8-4b2d-b4f9-86b14569a458,ea6b43c8-80c5-4040-94c4-391c8fa5a93c,kjeltring
310477257,61972593,70856501394,4559454,61972597,aba346f0-ad5c-4948-98a4-4fb2deb2989a,a3e6dc1e-a548-43eb-a940-37d38b24c57b,fastmerke
310477400,61972635,17866798710,4568739,61972642,b21b52a5-8c18-4474-8f40-8faf67692130,9bbfeac3-ef21-4d6f-b3c3-e6d7513bedf8,forstand
310477656,61972696,14916199903,4559865,61972698,c83c9385-2483-4584-8b24-01aec4ef901d,fbaecd09-56b2-479b-87cf-b134dfbe9164,trenchcoat
310477664,61972700,04833049955,4514668,61972703,4064ec44-0378-4e6e-9e9e-b66923e51de4,a37cd4d6-1870-4d90-b8eb-55af5e324f4b,lupe
310477672,61972701,25915898532,4562580,61894629,a72c789d-1df2-4c30-9205-9eb99e01cded,08e3cf9c-aa20-478d-a30a-68717e83ea14,bjørk
310477699,61972705,30895599936,4559187,61972711,e6b918a0-71b3-4ab5-ae37-a4cc470c361d,742976ac-7af7-4ee8-9101-99051b26786f,gaupe
310477702,61972707,20817198458,4538216,61972713,d83adf4c-526b-4a11-a855-c7d5ac33ebec,1faa352d-8ba0-4dcb-816b-a0eb43c05052,kaie
310477729,61972716,23813047977,4559862,61972721,084450e6-0d07-4b47-ab0c-3d9c823b099d,db067d0f-6c1c-4974-8d7a-5d254f29ecfd,japp
310477737,61972718,07826399176,4546686,61972725,03a26a13-9f99-4f44-9660-e0d2d32fc9b5,d4db58c5-742b-4727-8080-37c535549e59,film
310477966,61972776,08857497385,4551012,61972785,dd2dccb3-6191-47bd-b9b1-c73c2699f325,26843317-9314-434b-b9aa-2ce6e8010b3d,gjørme
310478318,61972858,08858199957,4523042,61972861,c1d81307-972a-46f1-aab3-829154fcb479,b3dc706b-cec7-46e4-91ed-2e6899e68725,mandag
310478407,61972881,02875696966,4542514,61723131,28e7d159-c1c5-4ddd-ba14-dd7438b91151,08668fd1-d438-4f44-bed4-43512f2c618c,metode
310478512,61972906,10889798993,4551248,61972910,26ec9dae-78ab-4536-b36c-62c215171272,0c415c7e-c66d-43e7-8491-be89c78c2d6b,syndebukk
310478776,61972967,02897998966,4551328,61790278,0972aa13-e3c9-4de4-83c5-e327b6a980f2,f22cba7a-0994-4b3f-9239-8230bbfcb967,firkant
310478784,61972970,10837099159,4570861,61712245,fdb5d1b3-5c26-4e07-bde0-ec8d115bef9b,85aca831-9fb4-462d-adfc-6708ff0ff2de,klasserom
310478792,61972969,13886098566,4560458,61972973,7e002e5b-fd60-4773-b82b-efe1e9121b82,1fde423a-dced-49a2-bda3-4aab2f425308,fartsretning
310478806,61972971,07847098923,4551322,61764290,4e553e2a-2ae7-48ae-8fed-db840c73f7ee,5b7e1491-5c39-425a-a415-eb09fb0f1c2f,arkeolog
310478830,61972981,25858896951,4568487,61972990,7773bf0c-0802-498c-8f88-44f3adf64fae,7a65b770-cb18-4956-a1d5-954c3fd2e107,herbarium
310478857,61972988,15877698316,4552721,61972991,91b82605-ca33-420d-ba52-9b001dd79876,60c884b4-e4cf-4c98-b1f1-9ad4ffa3aa1a,olivenolje
310478946,61973006,13824899805,4532363,61973015,132f6be5-0bb5-4b62-9a03-5ab1827c80ac,774d1c27-b6a8-4676-a41d-a97ecf847642,lunsj
310479012,61973031,17904695513,4570850,61973044,dfd4248a-cb9c-4330-b76a-da0580c3bbb2,60b1f004-1145-4fdb-af29-39b1b51b33e7,blomsterplante
310479144,61973064,09836398693,4563476,61973073,95024011-6856-4fc6-9fb2-bcdc362a6ff7,185e1bc8-7c38-4f3a-8792-d42e933c101e,harmoni
310479160,61973074,01826498974,4508675,61914149,d7421194-5c5b-46dd-a024-8476e46a90b7,323a294e-d289-4c2a-97e9-0377fef6a1aa,rekkefølge
310479195,61973078,06865399764,4519198,61973085,1d8fd548-542f-4927-98aa-6aa5d6f4fe0a,862d356a-bde6-4f3e-bbf3-cdc638719959,gnist
310479373,61973131,22847398357,4557767,61973137,87d18afa-27c4-4ef4-9e8b-dec17ca22c9f,3ebe08f5-bff5-4dfa-8408-ffecab2fe613,jordbruker
310479640,61973210,22875597780,4555809,61973215,5aec6499-37e3-44c5-bcf1-664fb1e1c3cb,255686eb-fde3-4a0c-8f10-11cfbdb56084,livsstil
310479705,61973234,11829999546,4536638,61973238,7a91e730-aacd-4e41-87f2-877681b0058a,16df5511-de43-431b-bbe2-95c9742ea104,fjes
310479756,61973247,29845097508,4543665,61932659,78754ced-e0df-48f0-8242-1be7bb956e44,9d595868-7bb0-4fe0-9aba-a5c2f51f9285,gjenbruksstasjon
310479780,61973252,16835698681,4564409,61973257,e0c11922-7274-4b97-bf8b-474ae86b0bca,dddf1057-e8ca-403e-a54e-cd75c49c51d0,jantelov
310479799,61973258,24827398698,4561226,61973264,9ee19d46-b8f3-42d9-9773-53824dbba316,009fdfea-1712-47a3-aba9-b72cd325e66e,kommentar
310479810,61973259,18908695999,4566938,61973267,b23f765e-e604-4384-9ffc-05e2d556e3f0,70958c30-b982-461a-a9ac-32474d4894b5,delstat
310480053,61973316,09835696526,4524685,61973327,1f5c3bb3-d7d6-4a25-8724-e58b86814c09,36cafae8-e3cc-4f26-9b93-bed224b3e905,plomme
310480150,61973354,09816999321,4524367,61801227,8a5d4f9d-4158-4d5d-849d-b1d63fd70c16,345946d7-42bc-4d24-ad73-fa5483778fd9,doktor
310480258,61973383,17884897386,4569951,61973388,21f769c7-4ff5-44a6-bfc1-85f06e1d8bfe,56bd41fa-0225-41f7-8cdf-affaeb4e6c01,pyramide
310480479,61903718,15906398505,4538341,61903726,85ebb1f4-7ff4-4985-a6cc-e6732a12c03d,41d1549f-e001-4916-b904-0a9e653f7c05,samboer
310480517,61973462,11885898779,4529447,61973467,9488e938-b23d-4bf2-8994-9e6582c44271,d5e1f575-7acc-4f3f-bb23-23b23e6bfdbe,torsk
310480533,61973464,09815397700,4557635,61973474,5271c95b-f69d-4d29-a7de-a32c121de405,30f2adef-7c43-42dd-88d0-24a28611e9bc,hare
310480576,61973479,20817197745,4555580,61973483,4760ff5e-44ea-45d1-81ae-d56f9ce2e640,41c2f68f-064a-4490-b888-0a2fac43b503,faktura
310481084,61973594,03926195971,4562395,61973600,9b698077-6118-40ad-83b9-141d80651bb8,c9bdc5fc-9415-47fa-a532-e694eb8243fe,orm
310481165,61973668,17857999584,4550814,61973676,c036ce96-23b4-4888-a8a4-db54b0743bc5,7e2a985a-1435-4d5a-8f56-3f5448b4a847,januar
310481262,61973641,08853249913,4557733,61973643,842927e8-a9d9-4257-a7ab-de0930125a1a,5bc256da-95c0-4618-9944-5a848015a00a,morene
310481513,61973719,13866399160,4504087,61973737,21c50510-02e2-49e6-bd31-d821f054877f,3bee5aef-9ef3-4f56-a96d-aa0ca09bb8b8,blunder
310481564,61973744,22814999363,4555117,61707039,c499960a-dba6-4d9a-af53-1bac24b8017e,7cb159b8-a340-42fd-bc4b-9cbb3a3ac8a1,bane
310481602,61973754,04926299196,4516232,61973759,e89a3f8b-0448-44ac-99df-ce9d6c197431,370dc9c4-1b8e-41ac-b1d1-5465aae19663,forsøkskanin
310481610,61973755,01864798507,4551812,61935805,b6ad1334-e9d4-4752-ae5a-dc21403a157e,290e41d4-907f-4c3e-9c5c-4cb0c2acdf63,kokeplate
310481629,61973756,10877399848,4504305,61973766,a845f9a3-9453-489d-8ffe-86a7230fa77b,086f8feb-6dcd-4b15-a9d8-77bc6ca14ebb,mann
310481637,61973764,20876595991,4504668,61973769,75385fb3-9fa2-442a-9c29-0087c6066ddf,9c914bec-c67a-45c8-b1e3-f9681e9b42e6,fotosyntese
310481696,61973776,10868196535,4527229,61973779,572d8716-fdc7-4b10-a281-238395f56a57,1ecb4993-8b58-43a7-b2ab-cd64ffcb916a,karies
310481718,61973778,20908499876,4502628,61973782,4f92f7ac-b8e1-4d14-aad2-7822d1924a04,890505ce-3764-4d3c-8acf-f0862f7a989a,hankatt
310481807,61973798,04866299531,4548282,61973804,9d555b18-a382-4f24-bdeb-9162ed10d99b,4fe66a54-6b26-4051-82bf-295bc9b67018,juvel
310481858,61973809,23866899983,4553853,61917827,2a2f760e-0119-4690-a8d4-4ed85148ce90,a39aa9ee-208d-46fe-97ea-e060d5f52426,prøve
310481912,61973820,09826395718,4546508,61886921,13917a18-6b93-4377-9581-160f98b50b2d,09d37e63-3021-47ef-8b21-1dab15cbc818,helt
310482021,61973851,12834397194,4557365,61973856,f3ea6464-123d-43f1-bae1-c7ef2c3879f5,531848de-0595-4fba-8269-40bd8ad67150,servitør
310482196,61973898,01855297686,4543142,61787305,2014dc10-e3ff-4b42-a51a-51ee81eb46bf,71ec0bf0-91d5-4c71-ac4d-fc221a4e0827,salamander
310482285,61827783,13849497418,4532823,61973924,94c4522d-8e68-4c1f-8250-e2735588a2d8,b694113d-c9a2-4dc9-9135-55df6a1d0604,fell
310482315,61824053,25916298555,4503482,61973929,17c6e62d-4fc8-4c8d-a376-1ca8fcbf820a,f661dd35-283c-4bd8-9015-0b8c952050ee,botanikk
310482323,61973927,09857195784,4551378,61973932,c814ff8d-ba19-4bc4-8f03-f5ac5ccc95f5,87080d12-fbf9-4a67-9f4a-3f4f30bca3c3,boom
310482331,61973928,25814898566,4560723,61718820,4c44388c-e58a-44df-b40d-4ca6950238b8,2d9039f8-6c11-4f53-a7b6-4d747093b023,magesekk
310482374,61973937,09865099719,4560027,61973942,98450f54-446d-4efa-8249-fd291ed6bcd6,c6662402-d828-4725-bc48-df2bef110370,støtte
310482412,61973948,15852849379,4558126,61973955,44323c4e-6da3-44e0-b13a-1e77bb477a9b,312a1b58-b0f9-4542-9e25-2e6ed75671f8,fisk
310482420,61973949,12834598181,4553271,61973961,6eebd930-4e21-4068-a3ed-d3eceffca486,2a614202-357c-4e41-a68d-9f3c91195188,dagbok
310482560,61973988,27897497196,4562796,61906937,50ddb782-682a-45dd-bad7-d6164d6255b2,29009587-2e0f-490c-a6ef-a2075489fe77,nepe
310482587,61973990,26926298584,4570145,61920527,8c2e0428-341a-4424-96f9-dcc3860810eb,20b5444b-74be-4b7f-ac65-8c3113922f59,badeball
310482609,61973994,21818498982,4537698,61974000,f6fb1f9f-a7ca-47d1-9451-5e6889ee1f00,efcbdf91-e6dd-4f6a-b9b0-55fb19c4dc40,hette
310482862,61974058,06845596164,4554218,61812431,230a0d3e-559d-4968-820f-b93b615897d2,c3367581-c952-4e40-b214-70b078637929,lykke
310482889,61974070,15874798352,4564280,61860492,867d86bc-a529-49ad-bb60-a9133e8ad1cc,119c2535-e839-494f-b4b1-bee97a8bba52,adressat
310482919,61974078,18827298561,4549314,61974085,7e6ef51a-b4d6-4f07-afc3-d9c654c25823,c9a6a2fa-8518-48b1-8bf5-2f6b7ec2842c,balltre
310482943,61974089,08898696430,4523763,61974094,046d4602-b94a-44be-b68b-bd5edd5646d8,e7ee761b-2207-46df-a2a7-a72ab334048c,indrefilet
310482994,61974108,24909496531,4560916,61974113,23369ae2-985f-4a57-bc23-3a3b5dacc35f,4c0c5db6-0590-44a3-b901-a9b7b2b3016e,rosin
310483036,61974115,27877396563,4545742,61974120,8dc1e30d-6a02-402a-83fc-3bf1c0561ffd,dd9968e7-a637-4963-b798-76a02ec906b3,diva
310483168,61832212,01837099389,4508881,61974158,c43abbbd-6999-48ae-8c2d-f42896a39a46,fd922c59-84e7-48b3-bc2f-4d8e50cf5bcd,kollisjon
310483184,61974154,15894899570,4555466,61974161,b4cfbdae-aaac-428c-8d28-bc6b82011923,9872c4a8-e2bb-4493-96db-0fbdd1fd59c9,senat
310483354,61974207,14855499526,4534734,61974213,526fe835-eae0-487b-b4d5-76ac3699df63,7774c17a-217f-49c3-a9dc-27577a0d3cbc,natur
310483362,61974210,04864098830,4557702,61974215,d3a719e9-1e11-40b6-8324-cb5de40fdca4,4d3845f8-92df-40c7-901f-0c90c41da318,søster
310483532,61974246,20845598798,4538777,61974250,fccea354-5839-4d4d-a3cd-a957a55c716c,930cafb5-99cb-4728-b0b2-399a64c66d36,sysvort
310483575,61974253,14856097308,4545770,61974259,e1501665-8512-4de2-9149-2458d29c00cb,58ce8d1a-f3ec-4aea-a990-1b1fe7e9b9ce,lugg
310483621,61974265,29835098573,4554929,61974270,0e18a1c1-9e8e-4dca-a700-e99efac8a7f3,53ddbfb2-815b-433d-8dda-823255ea1524,bikkje
310483699,61974297,28819695778,4539401,61974303,c4b71982-0479-437f-9c01-3e4bfd5207cf,2eb1a3cc-8c0a-48e2-b23e-93e7f3d47c84,kappe
310483710,61974304,10913648140,4564918,61974307,eab23afe-c8f4-47dd-8801-64c5e2bff839,528d37a4-ea6f-4698-a3b9-9ea592c95c82,middag
310483974,61974361,02825597940,4510607,61974364,39fb5e69-bbe2-47ef-8d15-15ecf5b5533c,d63efa61-0eea-48ab-b855-ad21f2a3f43b,mobiltelefon
310484067,61974380,07815997748,4537144,61730872,d7c07694-d8c0-4d80-b09f-cb6fef589f69,9bc7ce39-1133-484d-b080-752e8c77593c,pizza
310484113,61756488,14857197195,4543117,61974400,2f3a19bd-d712-4e7a-8905-3facae7e668c,94a41b5a-b484-43a4-aac2-26a7201305b9,sau
310484172,61974406,01897097741,4509859,61815464,2a8ee53a-7177-47cb-9eaf-520d94937041,0f1297e7-c664-4f45-aac2-72d21b46f916,mandarin
310484180,61974407,15885799164,4536863,61974414,c45b7135-ac8d-484b-958f-cb8cceed3f5c,872c6953-b937-40ca-b8fc-fa1875a04a6f,idyll
310484210,61974417,25928596039,4553855,61974419,76979478-6379-4eda-8398-b849982c95eb,3b9aec6e-4104-4b84-af15-1143a2b6ad68,harpe
310484237,61974421,05816199923,4565224,61974426,60c708d5-a971-42d0-9512-ef99c01ff4e2,839d90cd-04a8-4794-9211-97b9544dda0d,engel
310484253,61974423,46915601790,4540837,61974430,6fc734df-b1ab-4719-b9ec-304c1ad3f843,4f066267-5f8c-4409-aed3-85f62ff11d5b,komedie
310484407,61974456,25887196624,4550372,61974460,108f5013-1bdb-400d-8e2f-cd1b6c2dde00,892e23ae-5a7d-40cd-85e1-30b8250edfb4,hingst
310484482,61974468,06896796508,4565822,61974474,763ef86e-d4d7-4f9a-929f-6ffa447e4165,c0829e17-5b1b-4578-87c6-e069fb303ebc,toppvinkel
310484490,61974470,08817697357,4564674,61974481,cf370632-8b2b-4815-a06b-6ac3f7feb2cf,eb755498-4b50-4c59-adf8-6c846028b72b,gudinne
310484679,61974516,05862548975,4563990,61974521,a3fe04db-2838-4173-b7c4-48042c12973e,e5be4eca-62fa-4ef5-8ab2-abf4ebb9bbeb,dykker
310484725,61974531,13918299194,4551147,61974542,416e0545-6813-4a56-af30-1587fa3fbdca,f07ec034-262a-41e2-a06a-02685c9166fb,retningslinje
310484806,61974548,18877498987,4543153,61781951,eaee783e-c47e-4f16-9a9a-ff4a69c91d24,8b0e4e57-05eb-470c-97cd-df9568cd5489,konsekvens
310484830,61974552,16853148788,4568199,61974557,b8671dec-88ee-4332-97b9-4e6468445176,5782c2ab-5359-45bd-8f2a-2ac570ac8113,komposisjon
310484849,61974553,11837098566,4565120,61974563,00d4014d-a946-4b15-8faf-2edf2a5762da,28cf51d1-f9ac-43bf-9435-cf5ae94bd9d0,firma
310484881,61974567,10876297383,4504534,61724141,ede05b13-4f06-4e7a-8b8b-18ed0f668951,ab5f5c06-e14f-4daf-af77-66afe5a0d38f,ostehøvel
310484938,61974570,31884995747,4536726,61974577,0a63cb97-6af3-4a84-a8eb-62597446383f,b3e02004-7592-4772-a473-675fcd41940e,gress
310485020,61823554,14839498099,4534503,61879498,1e3962bd-cd82-4d98-b0db-0694cffb0794,d57f4874-4854-4a33-8b9b-bb901b949817,bøylehest
310485039,61829057,28825795938,4544967,61974614,caa2f4c3-286b-47d3-82e3-249d177da2c1,659a66a9-3387-48b4-9f1e-18b4177d6f7b,linje
310485217,61974658,15837197578,4544600,61885305,90b6b0ae-b207-410d-af04-f39d77461208,eed18fa8-0f7f-474b-b62a-287801694e50,kutte
310485268,61974666,02925199764,4512282,61974670,c1ec9a9b-30f1-485c-8b0c-8b41ef5a364f,f15e05b9-4cf3-4ef0-aaa1-640944ef39b4,kunngjøring
310485306,61974677,22817899750,4558967,61974683,d0984e03-e198-4458-a1c1-7ad617f0f2bf,81160b18-637b-4f2b-b8c5-845a9c9f2500,bit
310485349,61974692,18897095927,4555551,61974695,fde4e50a-7a6c-4b41-adeb-54c284b9f727,d839a199-80dd-469f-b818-df74b8461aff,mønster
310485381,61974701,09912748518,4568534,61974706,0e7b615e-dc3f-455a-82f3-5c364ef52bb9,45e1d317-b5b2-420d-91b2-929f54ce196c,hengekøye
310485446,61974708,07886596353,4541404,61876441,9d5898b8-7deb-4426-bd39-b91602132440,af047c06-41a8-4f5c-a3b3-7bc6ee53e4db,trekkfugl
310485454,61974713,03827298696,4567948,61974716,38633e2f-bca0-4bb1-8dd4-7d79e687f33d,78a26099-86c5-468c-8c84-f4fbb758912b,galoppsport
310485470,61974715,24834997734,4547108,61974723,83288cb1-0359-40a4-ad53-c24e837892a1,2e54540d-faba-40ea-a7a7-fcf56880d6da,maur
310485500,61974726,16829497607,4503706,61974736,45b79b4c-4811-478d-9c7f-31bd9bc90d00,aa15ff5b-d3d4-47c8-bf18-d856f1acce6c,flate
310485616,61974757,20907497160,4555601,61974760,18aaf6a5-652a-40c4-9936-8df22916d63b,f626b788-50f9-4b8f-9649-9276b309b7c5,samboer
310485845,61974819,06898799792,4519783,61974824,1ac027b9-eb59-4ab9-a792-5a7da568ba98,9d481141-34c3-4fe0-a7bd-c83bd63c6dad,hjelp
310485888,61974826,06927098529,4520204,61933199,3d9d6e99-5cdb-44f6-81ba-064f4adcc326,9bb08f2d-0f8f-4c04-8bc8-d1477fc368f0,tanke
310485950,61974846,11829298807,4568399,61974850,aef2eb14-88f0-449f-991b-1f47b5de5872,67450a9b-83a8-49ca-932a-687c0946a322,bygning
310485969,61974847,06845997517,4548679,61783900,eb7a08ed-02e3-4143-8b21-cf82df37791e,39f71c12-6c5e-4258-994b-7973a20868fc,hjelp
310486035,61974865,04846497582,4562940,61775423,c1413ce3-be48-4640-a096-e008e22c7b8e,97b365fb-a418-4ba8-ab80-cc9600d98bc8,pose
310486043,61974867,25892748333,4554373,61974872,7dd8f2cd-02b6-47aa-8da7-b9812c23ab8f,2a75b6e3-e7dc-4f38-8c18-64b1faaa8e27,skyvedør
310486051,61974866,30867398178,4554112,61974870,3fb8d503-9fef-479e-9f22-5ae510f19b62,506cf9ae-07a8-4537-ad9c-f5aef31bfbb3,tommel
310486477,61974972,13895397959,4505009,61974978,c33f9fba-c615-45c1-a5d5-46a3498a90b1,89bef2e4-d9f8-4f3e-9de5-35ae745deadb,rose
310486523,61819958,08897298601,4523737,61974994,c504639e-463e-4c75-b0a9-cc0ec215a348,4aa24977-b176-4a27-9ef4-cf7507a7eaf8,bad
310486574,61975002,24874998598,4503408,61975006,305ec254-a6fd-4fed-8ec0-e5b7c4672ab6,a292b041-f4d0-49a2-a788-7f52b1fd06c1,galakse
310486906,61975085,10905797781,4564578,61975089,8c127518-f195-4778-90b3-593ea53b0e96,17c92891-6104-4756-90c6-f8501f6faf4a,poesi
310486949,61975094,19815598345,4551100,61975104,36bc8598-cec7-4a3b-821f-98ad2a1f41fb,9c2ee9fa-9267-4566-979b-3792216f33a4,klappstol
310486981,61975110,17897096862,4544633,61975114,44ae6a0e-8190-4485-91de-61ed262ff9ab,9e187a9e-b7e9-4511-b4c6-f0ce36052c36,linselus
310487058,61975127,24917199317,4561260,61975140,3f13bc28-06f8-4cf8-a2d3-e37d46996b16,ac05460b-17ae-4c86-a513-52776a9fa619,ærfugl
310487198,61975162,23905099159,4544548,61975167,01a30fba-26ab-4826-a5ad-17278def89a8,cc0d5164-ed08-45ee-8751-3afe9b6679f6,takke
310487341,61975212,15837098774,4547836,61712482,1f634583-5ef9-4efa-8bb6-10c3fd8a18b4,7dcd659d-0f6f-4f54-834f-11026677badb,fiken
310487406,61975223,25907297457,4555159,61975228,2ef35a59-a9d2-4c47-9c9e-001ba2e1752e,4f49a9c0-1d8b-47df-b45f-9462c8771626,bevilling
310487430,61975231,07819498398,4544517,61975248,373f41d8-3bc2-4f9e-8709-f7f6845588b1,03217cf3-c6c1-417b-95fc-c31184c36413,vurdering
310487481,61975255,28866296997,4550982,61975260,0c56b942-5910-4354-b829-2e15c634ef19,9042facb-63e0-455d-83c5-975e1df904c3,butikk
310487678,61975300,25926499370,4564872,61975310,ef04e7ca-3336-46bb-87bc-f99b1f801498,d109c11f-d754-4a52-9fe4-8428650441be,sarkofag
310487694,61975304,06889296931,4561711,61975312,660fb21d-82b7-40de-b127-5507a376174d,95874fd6-b231-49a0-9ad8-8a954436f46d,pannekake
310487775,61714240,30897498754,4554174,61975341,59445399-e6a6-4c6f-bcd1-37864c2ba500,48ba343e-93df-4d8f-853b-196fc4387b1c,bever
310488046,61975408,01825298157,4508630,61787322,d1ba9349-5b92-4aae-a404-56739b64505a,e77882c8-cc1b-49e2-b4ce-6c41ffe8a593,kai
310488143,61975437,09877898080,4541738,61975441,36238537-fd46-4b31-b87a-156203e39be2,37ebfda8-1222-42fa-9d2c-b80b13ac245d,turbin
310488321,61975485,15894898353,4540276,61975497,e697d36a-edf8-4418-9314-e99bd39d7dcf,959cb50a-8072-48d5-b868-ddae425f5314,periode
310488410,61975511,25924598703,4541053,61975517,2de4e67b-a3c8-42fc-9fbc-b5dc5b7a929a,83feee00-2458-4712-a510-05dd9972c553,bussjåfør
310488461,61975519,04929799599,4516313,61975527,73b27fe4-bf1f-4e10-9242-df3448cddf1a,3c5638be-8ece-4e9a-9c73-3761e2f1172f,unge
310488534,61975541,01848597623,4569677,61868951,9f41c436-2876-4cbe-8f8e-d9eb2c0213eb,f5965ebd-c2eb-460b-9e6b-cca435580564,takke
310488607,61975565,19865698316,4549952,61788106,65b6f64c-3539-446f-a760-ca851132a0a8,096bea47-d1cd-462d-86cb-e35622f1474a,skorpion
310488739,61975594,17839497202,4566708,61975600,fbb55587-fcec-4971-a97c-a7edcb07f6a0,3a2438c0-d432-4dbd-ba97-e6bef02d5cd8,beundring
310488828,61975609,23818297106,4561648,61975613,77609c10-638b-487b-84d1-c238d22536f6,2616c466-6c5c-46cb-b5a5-0dfefbed3957,bomull
310488860,61975625,30884597583,4504987,61975634,92f06378-0046-4706-8a22-22e91734f256,4d6c7d26-9939-4b58-9b94-32db12a324fb,fiskekrok
310488909,61975638,20888498207,4504061,61975647,e58ca2a0-7ece-460d-aebd-2541e1421058,fc78a5e7-2dc1-489f-a94b-e8c7379cb45e,premie
310488976,61975657,18855199196,4545622,61975662,ef263135-bd6e-444b-ad95-2fffed0b2bb2,5c892e5d-dad1-4b6a-9e7a-c1727bad2495,spasertur
310488984,61975658,18835695936,4555491,61975664,9ee11dcd-ac41-492d-9d0f-1823daaba079,b4ea454c-2139-4c76-a93c-fb8820a992f0,kunngjøring
310489352,61975785,31924897735,4548766,61975789,27c26f54-b9c7-414b-95f9-ec4ec375676c,11d6952e-2296-4f7f-aa4f-1ee041df23ae,trompet
310489387,61975791,13856399332,4570559,61975800,e93ec69d-5f32-4350-a431-1ab0727760aa,00175a99-d6f5-44ca-b96b-1a9ef40d9682,stasjonsvogn
310489506,61975832,01877299119,4509509,61975839,b96eb7f7-475c-4c9c-aa2b-4135dbd6245c,b9b21347-778d-429c-aa95-eb854c448e2d,kontroll
310489603,61975856,06836596607,4554442,61975860,a5585491-2ca7-4e9c-af78-eb7f06f58cb3,caa08eed-843f-4d19-88ea-adc7c58fb479,hengekøye
310489662,61975877,16908094011,4568713,61909473,a84f0729-d76f-449e-ad77-5d8b9edf954f,706da702-946b-47d9-8457-a5fb355d8b75,sjøsetting
310489670,61975876,06916799592,4520035,61975879,7c8e599e-be6b-48dc-91f5-a5d419a6f943,41c24163-e8ec-4dfd-9e27-2ed79e055b69,kantarell
310489751,61975909,25889198853,4563796,61975914,91c14e99-3197-4a32-b2fe-5055b7718384,b9303230-88e5-4c07-9d31-4e9164c83051,babybag
310489883,61975935,19898298992,4547467,61975939,0bdcece9-58ce-4ff0-9561-f27c389b2454,97532377-e3e4-45db-9ea7-a875cb9310f6,beundring
310490296,61976035,21926495140,4539911,61809767,7a5261d8-ce3e-488e-86b4-f4dcdc271022,92917cf8-fa81-4189-af2f-327ad1df8b35,klippe
310490415,61976059,30929298787,4542522,61976062,fe9e95b6-df72-4d77-b0d1-59296594009a,dc09fbaf-f46f-4284-9f44-b64b3d8e4c78,konsonant
310490466,61976066,06827498392,4558843,61976071,bcf0ffdb-111b-4e98-a393-380e2ab43b02,4d04882c-11a6-49f3-89e7-e5d0919a3907,fobi
310490628,61976108,22885998457,4540222,61976110,2d6a1fbc-c3d6-4f8f-ba1f-e501fcad5f5e,44d69b51-c8ba-492b-b702-b790b6acd07b,villa
310490725,61976129,29888099725,4542583,61976137,02825e0e-1f72-48e5-9c36-50747d5fd46f,0e25226f-5217-4529-ba76-2e60d961b6ba,agurktid
310490822,61976154,20834997798,4546339,61976160,c01ffdba-4405-4bde-a1ad-0319ccd0f744,30c37e8c-7c3e-4fe7-8bc4-5e0b0520e58e,fjær
310490938,61976179,04916595560,4541797,61976181,063c9c91-b176-42f9-a635-44a55cfbafe8,d614ba83-a272-483e-8921-b609fc791412,jekk
310490997,61976196,13885798211,4556833,61976200,208d8bcf-c02d-4b13-8f58-7bc69bde51a7,4b2188ef-c6af-47e3-b7cf-c7baaddd048f,svale
310491063,61839809,23816797306,4539493,61976223,576632af-5df5-4b55-9375-1fcc919cafe9,2dc249ea-db4e-47d1-a096-41c9f6ab0bfc,flyplass
310491187,61976238,19865394937,4545415,61976241,34d10626-56cf-4eaa-bf7f-2199060eb57a,37edbbef-c070-485e-917e-4a107b6e4ec9,rytme
310491284,61976263,22827597353,4536386,61976269,6d3909be-d48d-4475-98ed-d2afdc71dc97,10a9a677-ec98-4c00-813b-78916417829e,finale
310491306,61840686,27825396395,4545648,61976273,b576190a-2e9d-4e0e-8e27-6be791f43c6f,6aa7eae2-7cc2-4606-aeaf-8ce6d87a2596,pute
310491373,61976291,08924598345,4552758,61752413,92cf270f-966f-4948-abd3-044bc3e8e90d,777ca5d6-8fa9-41f2-bcf7-7200a104f663,pedagog
310491543,61976332,05837397105,4549024,61976345,7a138cf5-51f9-449d-88d6-e7bf8c999ba2,82bc9be8-9dfc-4519-a752-11bda25cb78e,purre
310491551,61976333,31856998528,4545393,61976348,717c3cd4-64d0-4750-93ae-5db51c038f53,054f2820-894e-45d3-842b-4e13da42b87f,pes
310491691,61837006,23874896799,4559380,61868300,e5c2fc58-af5c-4925-b2c7-5004dad0b04c,aee80d87-7aa6-4674-85dc-f98fd18d87e2,adventskalender
310491780,61976403,15906099427,4561494,61976406,98f5247c-a7c4-4d32-a6cb-11804225b617,a8fb2c94-ecf6-4573-9575-37fadcbad290,arkeolog
310491810,61976408,13846399180,4544312,61976416,89b3a25b-ce67-4da4-a48a-f5aba14f00a0,630580d4-992d-4a1a-95b3-2607a8d69e48,dråpe
310491853,61976421,03865595939,4560505,61715564,90ded19b-ce9d-484e-9516-c2e07f3930b2,8a90ab1c-ed79-425b-8e93-277fe47e4ecd,ponni
310491985,61976452,27816496182,4559405,61976464,f7dcbb02-82ba-449c-a6ec-139ab3b7cdc5,00f9adb5-f7ef-45e0-9e8f-b96d46e90147,jungel
310492043,61976471,18877597942,4562128,61976477,e60e586c-593c-411f-8b2c-fb8895aa2469,d24f9ed6-a4de-48d1-9ca3-5307ef0abfbf,vaktel
310492086,61976481,12906795939,4563356,61976490,8b30bb80-32d7-4d88-b5ee-9877d846faf8,20df7451-d13d-4d2b-9cfe-8f0ba9ea7d2a,barnestol
310492116,61976488,10908396141,4548298,61976493,a8e36c68-5d90-4d1e-9308-19e6523bee7b,374f6437-1b67-47b8-8db0-fab9373194e8,granitt
310492256,61976526,22882849574,4560475,61976531,0bbfeb15-cf04-4b17-8bc3-184e99727ec5,be3ddf5e-4c25-4a13-9d0e-21c702bd97cb,dronning
310492418,61976561,17904498114,4536590,61976564,921a132a-971c-4cdd-885c-91f217f5d386,1a8a1ad8-b874-4a7c-92b8-b0e27c207708,medisin
310492426,61976562,12855697902,4501809,61846763,b41ed0e3-d9dd-4ea4-b2f9-d8a54cda6e46,34953bc7-c8d5-4a0a-83fa-5dd0459f9ffd,støvlett
310492477,61976572,13919399052,4545846,61976576,3c41a39f-a778-4664-a9e2-ddaed2e9ea6d,7589ecda-5aa6-4c5f-8a06-7bdda1149cf1,bekk
310492485,61976574,05876699100,4559780,61976581,518346f7-a15b-47ce-b926-a3e3d27891ae,b53cc376-068f-43f4-b079-280406eeb8f0,kvern
310492507,61976585,05866395731,4563716,61976588,fe3215ae-d569-4e23-a94a-92bfe2c10bc3,ff2c1c8c-1557-4381-870f-2ee81a4e43e1,ambulanse
310492604,61976609,01857197379,4509206,61891079,5d6b01d1-8861-44b4-8942-a99380eb8a08,8944940c-7509-426e-9f4f-fb97d503649e,æresmedlem
310492795,61976670,05907699309,4517947,61976674,51680ea4-8469-42d2-a866-3802a11007d6,abb5ee08-8dac-4a18-b017-02dec66bb753,frihet
310493023,61976740,24826699597,4554234,61976744,bddf2a1c-539b-43ef-9724-e2267d348f22,6961d185-3e87-4bcd-90fb-cdb7c05c7179,skole
310493090,61976760,02835898949,4538103,61976767,d491b21e-372b-42e2-81cb-514bc52af28c,64264428-d611-4dcb-a3ae-9404d9567b85,blokkfløyte
310493252,61976803,28922949346,4550205,61858712,3139336f-c9b1-4054-a8fa-8fb43747d03a,d3af2c9d-c1f0-42ec-9511-1a8a310b09fd,fjernkontroll
310493740,61976922,14925497755,4542097,61976932,671abed4-1b63-45a6-a6d5-f3ac4b527406,34124fa0-4ca1-4a4a-8802-fc58c63f8511,karaffel
310493805,61976940,02875596783,4557319,61976946,d2099199-d797-41dc-87a9-c733cd2e1b98,5d669788-550a-4fb2-a7c0-519c04884b09,administrasjonsbygning
310493902,61976958,28926398301,4543083,61811123,62b93b9b-83cb-460e-a146-00b2770f1968,ac3867d0-a348-4db8-a786-8f2a592dbecb,torn
310494046,61976998,03867099408,4505825,61977005,f42d3907-b15a-41eb-8d83-2537e4b0099e,238a2792-c437-431c-95dd-5638d3a9b3b6,bane
310494097,61977012,09896599973,4540087,61977017,9ac3e18d-2f92-49ee-aca0-eedb3e185a0e,4687efb2-0621-43f1-b71c-3e62576ba4c3,malerbukse
310494216,61977059,02854597992,4546865,61977062,b1effb21-ed9d-4f16-bcb4-9cc6a7c4c075,4df28993-0e05-4002-8b25-e978af755c3b,separasjon
310494356,61763409,07926795923,4536879,61760324,b7e0b91b-f817-40b6-9b6d-fa33007b337c,e679bcb1-76f2-49cb-9d0a-b635bdc98a55,lomme
310494542,61977152,20885499520,4504675,61977157,996c1b15-b512-4e56-acc8-a73419a88c5d,d8099698-fc4e-425a-946b-221341522298,ressurs
310494569,61977155,01824695136,4508602,61977161,678d9360-76b2-49db-8100-748eed845fc5,11292a6a-fef7-4f07-ab53-4f825e16339e,kamerat
310494577,61977159,06904399300,4519828,61977167,46948c72-04cb-4f86-bc9e-fc20a265478a,433eed34-ec89-48f6-9876-09e6329617de,badehette
310494623,61977178,29908699406,4567779,61977187,cf5d8a88-d78e-49b1-a483-4a792ca5b251,e074610d-fdca-4820-af93-19cd606707a5,klovn
310494631,61977179,10909798235,4504040,61977189,d43c8c4d-41f9-4d18-bf93-bf3952cbb9b6,994ec7f5-8283-4dd4-ac79-bfc041627c92,treff
310494755,61977228,16876497925,4541542,61977234,0b3187b6-d4d2-477f-9205-391525567c5e,9f89d1cc-809e-4936-9072-c7979ec0c5a2,bom
310494763,61977229,16918297514,4539574,61853202,b8bd674a-5f0f-4589-849b-c28d58bd2948,895c8245-03fc-4ff9-ad13-1b45d7351d3a,tregrense
310494844,61977242,21878697666,4566793,61977252,d68ac1d2-fba6-4cea-95ea-cff08be25a5c,98b9b43b-47b5-4988-83b3-55f03c08074b,agg
310494895,61977263,03847497571,4564964,61977271,3edb6625-5e79-4727-8d39-5e95587d602c,c87c6932-85bc-4fbd-833b-c2b1f08dfbb6,sverm
310494909,61977262,18897198319,4504351,61977270,47d68560-e4f7-4032-8dd1-db1d3cc7e917,18ded5f2-8785-4c56-964b-120ea98c9809,akselerator
310495018,61977288,11885296329,4552137,61977290,7aea2c14-6107-4e06-9d59-c017c4ffd4af,d843557a-0863-43f8-a6f8-9604571cb453,kjøpmann
310495085,61977302,30839299350,4548609,61977308,99c1d100-1041-4a2a-8be1-25874d2cbc83,ec647186-9f0e-46f9-95d9-27e6b0a16ce5,komité
310495220,61977335,12926698379,4550714,61977341,66f86772-11f9-43a5-887a-9854a20961b2,a211625c-1145-4383-a2b1-e2c1d0e70fe7,feber
310495255,61977346,05845596982,4539968,61915359,1d57c29f-baf9-4290-96b7-105fc6a86d6b,28b6930c-1be1-441a-bee6-11b5f6a1c9b2,trompet
310495271,61977349,19926198761,4564059,61941551,ed629bdd-7d7b-494c-83f6-004bdbab5c12,8891af2d-f531-4d53-9873-ffed9a74d473,due
310495301,61977353,17835395510,4557200,61977360,67dfc801-f715-4837-8120-d905b1717e2c,6a7c8ff7-0aa2-442c-b536-773b727066b6,kjøpmann
310495336,61977366,02916299551,4512138,61977371,6e3746f9-f6fa-43d6-b609-551f2a71d48a,77abe39c-c140-4c14-8cda-8ede22231ba4,vaffel
310495441,61977400,14877099327,4569160,61977409,833c67ac-925b-4d0f-84fc-002d7128e23c,6f674bf9-d394-4558-8748-81e09ca218f9,jord
310495514,61977419,02848899383,4553535,61977431,3d4e78bf-6ec6-44c0-bd78-ed3a4ad70b5d,a14233cc-4275-49dd-9cec-6cfa6bf51b7a,borg
310495654,61977474,20837297150,4560374,61977479,1d8b189d-af6b-41a2-9216-5b763dc1b191,43ca8bc6-f192-47dd-a114-0b57ac0cef8f,ambassadefunksjonær
310495816,61977517,16855098303,4538866,61977522,e01f731c-316b-4e9f-b9d0-d77e0a4e2653,5ebe0552-0421-472d-b825-0986e1d1c932,minibank
310495824,61977518,14885796916,4558464,61977523,8fec7492-4146-48ff-abc3-70b1239b1536,482e56c2-6879-4137-b68c-e4b3c1dc1671,oktober
310495891,61977529,01919998497,4510246,61977536,fa47e5a9-d3a7-45dd-94f6-2532712c8938,7102c8b2-1ef7-45a3-a067-8ce0e7e442fd,dyreflokk
310495972,61977554,05826197821,4539220,61977559,70384d96-64d0-4cc6-abe6-f5bd317e0eed,b5e70125-e767-49ae-b907-73502df47b04,fjording
310495980,61977556,22918099941,4553429,61977563,ea2489c4-0499-42b1-8017-195473ab3e9b,8b6f41ea-06b6-4ec4-bb1f-4aa382f41ad0,bank
310496022,61977570,10877098759,4556577,61970650,1a98028b-24c6-4550-82d8-2353df8689a7,25ca39f9-8d73-4c87-a2c4-98802cc1af4a,ananas
310496111,61977587,26885999378,4548904,61977594,651bca66-577e-4c30-a00a-47d407523466,92156e3e-0775-43b8-abe0-0e30e361c0b7,sak
310496162,61977600,10928197145,4551116,61977607,f04bde3e-b034-4d39-8408-a050d3fd8e59,0efb2cf6-b4fb-45a6-ab58-c0096db5e700,konge
310496197,61977608,22875098903,4546121,61977612,89c274d4-59ed-4343-bb80-5b57df7bfa48,5fa27756-c34d-45a8-88fc-1976c68dc5f5,distanse
310496200,61977610,06816398000,4566473,61977615,84159fee-25dc-4e26-a161-a2ffbe45d70c,306dfe0e-755c-4a10-acc3-a662da430ebe,balsam
310496219,61977613,02817396839,4544641,61977616,4379b17a-07c0-4f60-a8d8-3527167341c7,5c44f0db-d125-4eec-b77e-ae35ee00d7ed,list
310496359,61977645,27818699137,4551104,61935134,1148870e-ccfc-47f9-aacd-3bff21c6bf43,d5f555c8-7d08-4bd5-a58b-36e07215f8da,adressat
310496448,61977663,16906499782,4546822,61977673,e6ae7bf2-bbc6-4cdb-9cc7-52627b848c7e,15f1677f-a3f2-432a-a93b-b889947b3fe7,handelsflåte
310496561,61977709,04837296795,4537356,61977714,df8e0fb3-5698-45c9-a326-cfc9bff3f024,182481ab-1c42-4367-b635-c3d74b3376e0,tiger
310496731,61977757,26823647122,4561425,61977763,eb21056c-6780-42b4-92ab-018cd9704dbd,82a901b4-288f-4858-925e-0adeaada0676,fyr
310496790,61977766,08866399760,4542380,61977768,dbed17d4-59a2-4b3a-a7b4-74e8b5f5a8ce,167364b4-6b23-408e-9e5b-824afbe5f744,graf
310497037,61977835,22886099715,4567366,61977841,0776e7f3-cab9-4a50-84a8-b0d80319302c,7387ce38-4283-4ca5-9a8c-e5d3493eba6e,fiskekrok
310497088,61977845,24825096759,4504326,61805874,0db744e9-7cb0-40b6-a93d-bc5ed4756371,91192125-1a10-4ab6-8db8-8efacddd7357,fastlandsforbindelse
310497142,61977855,20858599556,4564861,61977866,a71c06b3-10fa-4587-a3d0-0214eb8b94cd,06f49162-ba15-420c-a6a7-186778cda3f4,alarm
310497177,61745007,15847799584,4555560,61977874,a02d5f3f-e1e8-4501-a464-0acb95c6ce2f,85cd6b44-b453-4a3e-973d-6ae5f91ab329,blomsterplante
310497266,61977890,10916597334,4546427,61977894,63e924e5-80f6-4276-9d44-57b502dd4f18,607b9d08-6b7f-41f4-987d-41648c890aa7,julepresang
310497347,61977906,08853047547,4537918,61977915,28c3dfc0-180a-47df-bb69-bbe42d5a8284,ef01b9e1-e0de-4549-b1a1-05021668e51f,antikvitet
310497363,61977917,24913849902,4570318,61977923,0a2df9a9-d2f3-4845-b965-a01c1cd94e4b,eae5eaff-5866-4f7b-94fb-8079ac44bc0b,trost
310497533,61977966,11889398010,4503113,61977980,52c39b61-2330-42a8-8656-9f1b09ae531b,cfa153ce-fb78-481b-910b-a20a7eac3c1e,drosje
310497568,61977983,03876798521,4513431,61977988,9f96eaa2-5b59-482e-b095-ac19a224cc96,cd1540f3-4dfa-49a6-979c-e06353c0ac9b,skorpion
310497827,61978034,22839699240,4538722,61978054,ca0d2ed0-a228-49ba-a61e-c83857d1dd52,d3527494-0a6a-46ae-871f-95447d8bc8d7,hestedrosje
310497851,61978058,03896496971,4551202,61978068,c8ee7e63-e7d6-40e5-84d0-445194893469,055049ee-dacb-4624-9a18-3be88cf59202,kappe
310497908,61832777,11905899580,4564240,61978075,5d5f2f0f-8498-45a0-a0e1-e0abd08f5433,6421cab9-90b3-4f41-a64a-4f21bb2e14b1,fell
310497991,61978089,18925399953,4537070,61978097,7234fd06-00b0-4529-a578-0973b64cea27,eafa7997-03e7-4c48-90d1-1c48825d6944,ribbe
310498033,61978103,08903147718,4560964,61978108,1a7c382b-dd54-461a-98f7-4a7fc7df12e0,a08cd81e-9a68-40b3-888e-f3089b9a3f40,anbefaling
310498092,61978114,28908696834,4566349,61921876,5df685b7-d124-4b9a-b69c-18f514790eb0,13432dfe-5051-44fb-a5cb-a6b16db83baf,kontroll
310498165,61978133,24815899187,4551345,61978142,008e2b66-9f3d-420d-bf8e-3d483b8cf456,a2e4e813-02b3-4e22-bc8f-8af3488ebd79,hei
310498246,61978151,01906798642,4570912,61978157,610390b7-020d-46aa-976a-686738ee0572,2f28d0f0-1be4-4861-bddb-103d17dd9a93,kamera
310498416,61978203,22892649794,4560218,61978209,a9212c84-6e37-4d71-9e1c-e858ab9210c4,d3bb61e2-b891-4867-8fe4-552ed2afb0d8,april
310498424,61978206,12856099189,4551186,61715994,3e4466ad-fa29-43ea-8dd4-3c18e632e5a2,868c6dde-05e9-4e79-a133-31037ec591f0,bakgrunn
310498467,61978220,28893049993,4504797,61781579,6b247a61-419c-4972-a034-55022061b811,71e53181-10f2-493e-b54a-168590d544ae,støvel
310498661,61978266,07865498173,4506249,61795232,7accc222-e516-4590-bd08-7ffdb7607529,2a6a4671-c06d-430e-9981-67888849d6ca,bok
310498807,61978298,30835696355,4565844,61978305,c516fae4-110d-4d37-935f-2eab9f63a274,4b54fb8d-bb7b-4cbf-9a5a-79349b6fc60f,opptaksprøve
310498874,61978314,14864498966,4534888,61978318,7e80e613-1949-4776-b15d-2021d41ebb1e,f3f8ddc3-c59f-4ae8-96be-688674044d0d,kveldsmat
310498890,61978316,20885998055,4554579,61978323,621339d9-0215-41cd-b28e-b5a45b4da047,b12a5709-5b75-40e0-98bf-612ffb3344b1,kaie
310498912,61978325,30858698401,4560698,61978330,43ed7fbd-fbf1-4c10-98f3-e3f25fc803a5,ca79d4a5-c4f2-4471-b6ef-774be2db3a66,hakke
310498955,61978334,15899199313,4566465,61978340,a15fea19-6976-411b-a55b-200a6d9ea23a,a8f207c7-0773-4f6a-884b-b87912454dc5,ham
310499013,61978348,03825096344,4543089,61978354,25f74f26-d4c9-4741-9128-9139e679ce90,7a4121bd-b29f-453c-b713-b77bca28c4d6,anarkist
310499110,61978368,06896599532,4519744,61978372,6f7c1a48-cb05-48b7-89e3-c6981904480a,9a68ebbd-bbd9-4b01-b956-7cfac5adfff8,fattigmannskost
310499293,61978414,07907399081,4506088,61978416,56d230e5-da92-41f4-8bce-e8ae0438cbb5,925c3e33-f46b-4188-883d-e563fa6d9079,algoritme
310499315,61834262,13889496775,4539938,61797295,4c4ce846-b088-43d3-8492-2412f2d7bfb6,17dbe37e-5e50-4324-aa20-34322316cfaf,konferanse
310499447,61978444,16914799930,4567009,61978450,ea896d94-5640-4dcd-8b04-515ed1936d60,93d231bb-1df8-4198-8125-92ec1366c9ae,bringe
310499471,61978453,22916399352,4562514,61978458,bbbf7a5a-9c23-4e08-82d3-df2d89783d1b,d37a252a-8e59-469f-977d-5fb8bfba1786,jubel
310499498,61978455,31929298635,4504477,61978463,588737ba-72fa-4fce-afff-51e6337ad0c7,95587b30-ed81-45a0-913c-1399546ba0f5,klappstol
310499528,61839195,01912848384,4544504,61978465,e4bb766c-7b47-444b-a768-ea974c0bcc44,7b8cc9a8-4c75-42c0-8c6a-7c576a020277,kappe
310499560,61978473,04926499551,4505919,61978481,1aea4b03-b1ca-42c7-97a9-4418b97ece3c,8a7e59f5-8d7b-48df-8774-3a38bd337413,panter
310499684,61978503,02884899683,4511620,61978511,93221787-5dc9-4422-9395-34d7e3735f9b,e2627357-f731-47da-a1be-26e1bbc5b7fa,grevling
310499692,61978505,22847797537,4551413,61978517,e7358b4b-aaf7-4598-903c-990e4f135761,6e5fb458-b949-4caf-8267-fbe2713119ee,felle
310499757,61978528,23855198983,4541180,61978540,0feb4bb5-3e79-4c3b-9bff-c5f93a936530,cd708167-ea64-435e-a8ca-a97f82ab46c1,fontene
310499838,61748099,30837299566,4540409,61978555,d72591b7-f0bb-49d8-9479-5aa25e6185a9,e1c3404f-1be4-4176-afb0-17efd2405fac,nepe
310499897,61978572,03876699566,4566131,61978575,1079fcfb-fda1-4901-a1fc-5e124099213d,c77319d7-b265-48bf-b5f9-570cc5ef4bf1,behandling
310499986,61748645,21927499948,4552370,61853377,39470807-29a8-4ce7-87cc-ff065a8595e9,efbad155-18a2-40dd-82a5-12b0fad3daed,fell
310500062,61978610,02907696769,4512037,61956292,bb107930-0b92-4e67-8fec-ddb1c0cb8de2,6f24fe65-0074-4b97-952f-eb4fa820291f,kjerne
310500208,61978650,01834999796,4539277,61978656,d5f0baca-4732-49e3-9cb2-68f2492e4e34,04ab0153-75f5-446d-b778-115791ae0540,juice
310500224,61978653,03895697507,4505641,61860131,7caddf02-ce0e-4fe4-8075-47a5698c851c,8140e5b4-81f6-43ec-ae44-7783f75dcbc2,rynke
310500305,61978671,13824299476,4559533,61978673,af948d66-6ee9-4806-887c-e288725daeb2,350c30e6-0355-4788-a925-fef05424b650,jordsmonn
310500313,61978672,18836197557,4556888,61978676,476b4732-b1f9-479e-b9ca-19b1ab546393,ab7ae9f5-7adf-4335-8122-c9b9d3ff5ee6,blyant
310500542,61978722,31879498921,4554838,61978732,836f3247-f1db-4bdf-b552-1d30f10527e8,e45bd3f4-d408-4a0c-95d2-511f8f525089,karakter
310500712,61978763,07875897939,4556202,61978769,ee67c533-1980-4102-899c-29689962d1bf,daa8316d-eb03-4308-8a19-4018d74d68e6,lampett
310500747,61978774,03907297356,4546661,61961569,71284246-d817-44e7-828f-96a6b55a860e,e9da9d79-2fd4-4344-86bb-48b94ce384bb,avstand
310500860,61978811,11896798342,4544797,61978818,f50894a1-a050-4e09-9dff-d0cdfa7268bf,4d7a2833-efc6-479a-8645-9f5027ff10ab,ambulanse
310501018,61978843,11859998137,4503945,61978851,a313aa00-83d0-462d-bc0d-5672caf7501d,f314d940-9e73-436b-b8a4-326a36c0e8b1,ape
310501042,61978858,14837299137,4568813,61978863,44772dc9-fc07-4c4d-a0f2-49abb0ed0429,a89c10d4-e36d-4dab-a2ac-ea2a5f5eec22,blyant
310501263,61978914,01866597738,4505489,61978919,1cf30790-2794-4bcc-a4d1-653598677f2c,1efafa07-5d2c-4d7f-a53f-a28ad03cbb66,kråkesølv
310501301,61978922,19858497313,4566420,61978927,a30cc1b2-4827-4c88-8b9c-a60b96bd81b1,8f4bd6be-488e-45c0-bb1a-c9c244be2367,medisin
310501417,61978942,10926998515,4560044,61978945,c75877c7-bf4c-4a9b-8ae6-629e8233adb7,3e7cd054-006b-41e3-b118-166244d204b7,håndkrem
310501484,61978952,09816299133,4546296,61901393,7ed0c30d-4f3c-40f8-9e68-a2a963c21482,eb040f76-c546-4c8e-bcae-2068314ef85f,kone
310501727,61979017,04875099995,4547384,61979022,4961b2ba-383c-40eb-b776-dda7017f8313,c1080439-b204-4366-abba-f1245273d2ce,fiskekrok
310501778,61979031,02886595665,4511665,61979035,e1f3443e-b05b-40c6-bb5c-b6a1260a18fd,ea065ede-7511-405a-b37c-6e6ed6a526f6,fluktstol
310501794,61979033,20866097594,4538202,61979043,ebdee75a-1e3a-4b49-be19-0da7d3178eb8,cf8a0d8a-6616-4cbd-b975-1d5a99c70777,bestemor
310502243,61979153,27825995345,4542218,61801239,00213027-e53b-4f93-b509-0903d6cc44ed,99f15628-acd3-46aa-b0c1-199b8ef6293c,kalv
310502278,61979157,29885499390,4539150,61979172,b39cd59c-44ba-4366-a96f-10e3767b761d,95515d4e-251c-4e4f-9041-45779272afd4,inndeling
310502286,61979156,03925199965,4567687,61979169,a8c6a738-cec4-49ae-859b-21a26eb403ac,af89d9d3-15d0-402d-b907-51dfa7dd6c05,akupunktør
310502367,61742672,08847999048,4543431,61979190,14edfe49-24e1-486f-97e0-ba3478194a7e,098e144c-0897-430f-80aa-ad463aa89d37,gås
310502456,61979206,13816496327,4558551,61759396,deb47824-c87c-4423-bb43-cb6ebfb83610,e78dd018-adb1-4282-ab0f-aaabfeb9e99e,arkiv
310502510,61979229,20836796595,4552961,61979237,e4465a75-0720-4830-9016-cb384693b1f7,51fe0000-9814-4d9b-bd42-5fb7bed0529e,hestesko
310502790,61979312,14835996140,4537073,61817972,8b2cfef4-9557-4f5a-a29e-ea1eea36371c,4a0c3a1f-8c9c-4462-991f-87a88c7b2493,espressomaskin
310502855,61979327,16856699483,4548474,61979330,9fb4ed56-f9a1-4073-a82b-16b63243e121,07a4e660-e5c6-4cc5-a9c4-41e6cd013bf7,kjeltring
310502960,61979344,13829199496,4532468,61811286,c02707db-1085-4f32-8609-a7d798e97300,05c16f9d-b73e-4d77-8854-399195f75dce,kjendis
310503053,61979368,24877699575,4563409,61979375,949d4776-8cf4-4a9c-8e87-9d262cc14429,99669c6b-fd06-44c3-ad2c-82bbf304235b,flagg
310503142,61979386,27906499792,4565596,61979393,933123fb-73a6-48d8-b8d5-dc9da051a4ea,ab249837-3d4d-4152-99da-096360043489,lerketre
310503207,61979400,10866898192,4527197,61979405,ecceda2b-4cb9-43dc-b267-1be96798d7ab,1acaf44c-3b45-4cac-bd41-a5a143fb7fa9,del
310503223,61979412,28836398353,4568935,61735499,7cd58788-c9ae-4772-980f-2d09ea599c9f,5db44455-4598-4040-b8c7-186ac170289f,daddel
310503371,61979445,01926696943,4556665,61923392,58f80dcb-93e3-4aca-bfcd-d117bbb45582,283efb97-fa80-4baf-ac74-ce5e541dd71b,habitt
310503401,61979447,07919899365,4522068,61979452,3a1c979a-6e1d-4fdb-af4b-8fefa1f6c1d8,5f0bdfc3-a7c0-4d59-86e1-6851a8918875,dregg
310503460,61979458,22848898531,4542121,61979464,b33e2cda-2314-45d4-9034-0193398749ee,8538e43f-c65d-42dd-b47d-7bbf7d9d1c6b,service
310503576,61979495,07826596737,4538158,61872693,a66cfd30-ae91-40b0-be76-37b3fd3da0c0,f5b9c5fe-3422-407c-a397-fb85c41190fe,pianist
310503584,61979496,29859199613,4557337,61979502,88dbbddf-b03f-4350-8b2e-5f521293945e,de5c9710-bed6-4bcb-b08e-6cdb8dd78e9d,bar
310503649,61979514,30915498988,4504927,61979519,e33491bf-c1ec-494a-831f-067924f204da,58c8e16d-3f53-4c6e-99a6-e97d9149382e,foldbygg
310503703,61979524,21926798917,4556657,61979533,4524fe73-cf6d-4420-9ed6-88d18d2e79ad,e8a8647f-ce9f-4389-a80e-d120444ae642,stasjonsvogn
310503711,61979529,12878099972,4570551,61737235,e3dc1393-0b64-409e-97de-291b5eee2c7f,9ee00ff8-01d1-4985-8ba8-dd9bf0b26099,turistby
310503762,61979537,19856595377,4559917,61979543,88e96a79-f142-4b57-82b8-14f51530b085,8bc2ad0e-5dda-4662-adff-d6ec749e9c8b,kenguru
310503819,61979556,08844797878,4553277,61979563,445d3d73-49b4-45d5-9169-370b03fdbf7a,cc063587-276c-4309-87cd-c0f2d273b010,servitør
310503851,61979572,04835598379,4506167,61979579,69f6add0-fb58-4c99-bf70-13aafa5df456,3910cb17-0fd3-4aa6-a18f-2e7f03381944,bom
310503940,61979596,08886698233,4568740,61979608,46ff5307-5665-4ab3-9250-1083bfe92096,b08e7eb0-fb72-4127-8549-fbf14a111165,filter
310504173,61979663,20866096539,4545435,61979666,21b17df5-e0bc-48a9-adf5-4ae462ab6a0d,fa1a0d5d-cf9f-4f7c-b135-4e9d8fce1bde,skyvedør
310504181,61979665,01815698726,4508479,61979671,ff41283d-7b89-4351-b6e9-5b0367b63fdc,a518ee00-ccce-4238-ae1f-d092fe505861,buk
310504289,61979685,04905499977,4549458,61718551,fefb0d15-ee42-4d8a-a712-1767ea0265d0,acf1292a-4586-409c-9305-888f7bf8651e,opptaksprøve
310504319,61979691,19894199914,4548483,61979699,7bde05e6-a48d-45d2-981c-1dbb350cea93,f0c04047-9738-48ba-8858-765f7c24bb17,jolle
310504386,61979706,20866699934,4569860,61979718,4fed3170-8580-4a67-aa45-c00feffe0348,a486fae1-7b4e-434c-b191-b94e2c0ad366,jekk
310504483,61979733,28865796791,4539009,61979561,7306fa63-291a-401f-b10a-77eb65a746c3,173e6895-d80f-4e9d-b24b-91d34911bf3d,kalender
310504556,61979755,11865994798,4541310,61979761,ab65bf69-becc-4c48-8d75-7215de221aac,62c4aea0-3b27-41c8-b6ea-06a6b129ab57,eføy
310504645,61979777,02855199958,4506237,61979782,c4c89096-3b9d-413b-ae8e-9118f40db91f,6afa1a7f-55b3-4fb3-a3f0-940bb3afb8ea,gitar
310504696,61844330,22828297833,4560405,61979796,81c95b80-c5bf-4fce-85f6-b4b0fea75aa4,ca303f12-713d-41ab-88c1-f6ddb3eaded8,fjær
310504718,61979792,05876397570,4569897,61979799,f3af8625-33c4-4597-a357-8618f175ee42,bf8bf2e2-cfd3-4aff-bcdd-73f4b8fd18dc,greve
310504815,61979818,21885499136,4549813,61879473,573e8b3c-c917-4a14-aa46-9092d3abac91,2e9b8910-b86f-4d90-a478-f7c8bfce47b1,olje
310504912,61979841,08925898911,4563640,61979851,c2b33125-a737-4ddd-81c0-0a584d78957e,3d625ff7-6175-4605-9f05-cddae3408ab6,brud
310505099,61979896,08845999768,4522812,61876347,9147b1c6-42dc-4b59-81ff-4cc771e27360,665d7bb1-0967-40d6-b70a-973d80d04660,stammor
310505315,61979959,19883049538,4555685,61979963,a2ba7c95-54bf-401f-b3d2-f2e3de8e8e12,afb2fa7d-f8ab-464c-a4a6-f0f9cd39bbba,juvel
310505358,61979966,19869596569,4504189,61979972,bfe129af-0148-4154-bca4-ee2ca086001c,1c6e067d-93ff-4d89-be49-65873f574ef1,teleskopord
310505374,61979970,07829098576,4502503,61731668,d01ed6b5-9e05-46a0-b405-4d13661199a2,d8a917c1-cab6-4de5-95c5-df7fb866cf13,opportunist
310505382,61979979,03825599567,4512613,61942844,5ef52a75-fd5e-4551-bce0-f73276ffd570,8b435cd0-e656-48d1-8451-ced8a02ae83c,svamp
310505404,61742768,09826399306,4503301,61979985,99db07d4-440c-4d40-b476-11a7143faf07,ea2f2064-a264-4bd3-bd88-6bbd47b18ae0,ape
310505412,61979983,16875797526,4538817,61979988,109230c5-01d4-4fea-90b3-bada09729ca0,68874210-ed83-49d8-b374-bba631b217f7,ferie
310505617,61980046,05856498990,4543316,61789651,e9cf7db8-b56a-4c9d-b85f-af6056e474f8,771de0f5-b58b-41b6-b516-edb133336f9a,lampett
310505625,61980047,13894799077,4501950,61980053,f8e53f86-f7bc-4c28-927c-1f737e1af904,b77e4e2f-9066-4001-a41f-969bb0933813,møll
310505714,61980066,19916096820,4570177,61918981,c8394e75-c956-49b5-8d86-39bc276bb482,1b38ed67-6a17-4386-8103-205101fce16e,busse
310505862,61840684,24894599126,4553847,61980104,5f976e9c-ecd5-43a1-9314-986c0ab477df,03123c7a-6e32-4d9e-8dcf-f9b806fbc15e,krets
310505889,61980107,20894698307,4554551,61980111,8c8e06b3-7a13-46f4-85cc-7a6a57cda678,c2e51cd0-e174-499c-a7fb-9a98c0db51cb,stilling
310506079,61980144,15886797777,4539321,61980150,a10fb86f-e2c5-4fb7-95ca-2c8f616c2248,ca50ce51-a1c9-443d-b74b-55dc87b8cf87,periode
310506400,61980227,06858698918,4562151,61888423,eb627ed9-452b-41b2-87e5-e686bfd2ffb5,57a18181-c35c-4acc-8bb4-de9a39ac0859,grandis
310506583,61980268,20846895389,4544720,61980273,cc90c123-9d92-435c-b2fa-182c4748e313,5c74f696-5869-44ea-8f4f-693837c82f42,mann
310506621,61980277,29814199965,4563351,61980281,f0894d66-815b-4146-8470-37b17fc753ac,6e716ec5-8794-4307-9ee0-c881d216ebfc,galakse
310506648,61980279,23887998957,4543925,61980287,509cc44f-bb99-4962-afcb-a65ee67a3d94,4a3d2439-3fc7-462f-a0da-f9a6464d0a37,stund
310506745,61980302,17902649565,4569482,61980306,bbd98981-b9af-4ddf-a8aa-dda613aa957d,a534ef2b-5e76-4824-80a8-ef8ef7764654,jubilant
310507032,61821593,01917799888,4542695,61980386,fb35a0d7-28d9-4458-8bf4-ef9d466705fa,b3d258f6-b1e0-48bb-9bb8-5f3c483b09d1,påkjenning
310507083,61741424,02919099847,4551440,61980402,52c5ab93-2404-4e15-94f2-e351e36a8b0e,4d15b34e-eb41-414b-9187-1bf7a1e38bb1,kunst
310507148,61980419,27905899304,4550717,61927431,f8cbd578-bb0d-4f8d-832b-fb67af54e218,7a0dec48-ec7e-4ae1-9c66-8e2dc0e3b68b,dokumentar
310507202,61980434,03886197127,4537190,61859859,b14e8043-3e21-4de4-b160-9b80379bb834,a53d8071-96ff-4121-9ff4-acd976d8d604,dam
310507296,61980465,03836298305,4571003,61732797,e961facd-54a9-4e36-b966-32ea63880158,d1d2321b-7824-407b-9eb3-b10584482a32,joker
310507342,61980475,07845598880,4554272,61980480,4219bda2-af12-4123-9f3b-0dade7ad7106,759a58bb-5229-43aa-9aa7-a3872524795f,tørketrommel
310507407,61980496,26838299880,4557684,61980502,8e97b5f5-44d1-4e5f-b2c1-66e05c976940,162e2388-564c-4288-b596-855d9a4aa5eb,formel
310507598,61828711,23846298428,4539689,61980545,7679a654-ed7b-4c4e-a77c-3d2eb273bc19,b89c6e8c-e95f-480a-89db-64851fb15f8c,himmel
310507628,61980552,12827799325,4538714,61980557,68541242-85ec-441b-9a74-cc67bcb0b703,b933cb6d-f281-42cb-a0d4-37b1a32c8552,sønnavind
310507725,61980574,01905098183,4560445,61980578,827ce0e3-7390-4ddf-9b52-e836153f7046,2ed95ccc-15ed-43d6-ab14-e171b9784560,fornøyelse
310508195,61980688,10857499536,4527056,61980691,e3db2cb4-6d10-45ba-97cf-34f4be10af2b,5d59393f-f765-44b6-8b08-2fd55c1028f5,kål
310508209,61980689,26865999398,4570071,61980693,bc01e868-d067-4f27-a65c-e951179db382,54a854f0-6886-43a9-9907-9ffa6222a67c,klinkekule
310508381,61826893,31884799131,4545345,61861392,6352bdd2-33af-42a5-94ab-9e68a7fd069a,6c7bac55-b421-4c02-b1d8-d0abbba879fe,kjepphest
310508446,61980746,09818099239,4550376,61980751,d66619ac-ef46-4952-afa2-4c7dc5cccb67,d5f6eaea-865f-4696-822d-f3d28e312288,kabin
310508470,61980752,03857695320,4513131,61980759,667a5bda-9469-4808-9012-a33fe8b43db1,4212c257-afc2-432e-8f14-c6f7954db312,purre
310508519,61980763,12836797971,4551070,61980777,21f45e72-ee38-4d56-ad92-1f5c1b6fecef,b688276d-c76c-4b86-871c-071a92b5b915,krabbe
310508543,61980778,04844299333,4514861,61980789,c117c68b-4b92-439c-9137-5e6932b52c82,c38bf4f6-27cb-4148-b0bf-168587361a6f,samboer
310508551,61980779,12844399195,4556612,61980791,f214b9cd-fa31-4629-9bf5-87415b9d1371,e19f2802-7203-4c28-b9a7-363305864de6,påkjenning
310508721,61980822,12875096417,4571013,61980827,dbcb89b5-ee36-4602-acf4-47de7ed20ea2,99bafe79-4627-47b6-889b-20b005207939,jubel
310508764,61980835,29927297726,4536899,61980839,7c6e017e-78ce-4b18-9696-bbe0f0748262,0d5fe1c3-f889-459c-ad4d-859386137ea6,lampe
310508780,61980837,12876698542,4568883,61980847,72c452fc-471f-419f-af0d-b4ea0fc80778,34278398-fa67-4d57-9e18-f88669a7a693,skole
310508829,61980851,05877798870,4506374,61980856,1b14b162-4b18-4c7b-aae8-98e8af8db56e,72b84c65-06b9-4e15-9f7e-f75eb10849b5,tøffelhelt
310508985,61980884,01817898552,4506012,61980890,687c82d4-124f-4e3b-8036-a406471b6073,e0971003-82b9-4d59-90e0-894868d54225,avanse
310509000,61980893,24846299765,4560026,61980895,a9c8414f-fb13-4492-9747-ec19ed17863d,8e5edc27-1166-47ff-99a5-ac99747a44f2,galte
310509086,61980907,09854597784,4525008,61980911,6fdd2f63-6938-4265-b65e-c8f73ed8fda6,b0cd0694-a0e1-4fb2-8bcc-54bbfc59e697,kjøpmann
310509094,61980909,04818998185,4570871,61980916,5ceae5d1-85cc-4f11-91fb-63431d3f723b,2c454b47-bd5f-40a9-9ed8-46851e561dd0,blindveg
310509175,61980931,18836998126,4538028,61980935,18b326ce-dd65-4136-9054-71d6ac8601ea,25f471fe-ddd2-4935-b171-992d994cf86e,separasjon
310509221,61980940,24916499856,4547117,61980961,afe0e5e4-1498-4972-9f61-2280639a1c25,f48363ab-20c4-45c7-b187-732345c2f86b,bikkje
310509272,61980966,05858097837,4547853,61980975,5cfe645f-09da-4cdb-8757-1001663a8aab,a6e0d991-2fe5-440c-843f-929006699c69,konglebit
310509280,61980971,07845898752,4547852,61709648,8c84187b-041f-4092-91f5-05518e72ff08,eaf7eef9-8341-452a-93e8-38358183d0fb,brøkstrek
310509310,61980986,03927199245,4545665,61980989,2e6ca4fd-3163-41cb-8542-3338f33d69db,c4486e26-c44a-414d-987c-990b66aacdb9,pianokrakk
310509426,61981007,13845198408,4503251,61981011,d8b4bfdb-02e0-4f7f-8627-0adfff02ea1b,cb13911b-fea0-4e62-a656-312b68a274d6,flod
310509507,61981032,29924497945,4550367,61981040,80c9e024-0068-4339-8792-9d5b3aa09e4f,aa6fde70-b89c-432f-ad45-11abe15acea6,anatomi
310509582,61981054,13872747197,4559672,61981059,59babbcb-836f-4e59-b781-ae038ad006de,e7c823ed-8be0-40a8-815c-cf66d28f0a28,etat
310509698,61981078,12827198798,4530465,61981084,16497faa-9a91-43be-aa3a-a7ad97ec73f9,8a827bd2-1a4a-4f42-913c-a5be941f717b,skade
310509728,61981086,18815899748,4544969,61981088,7de0c4f6-cc81-4974-a6e8-c2e7ddda15a3,6f2d7cc1-e63d-446d-ab9c-4c2d04aa6543,bot
310509965,61981139,02876899720,4511507,61981147,c18117a5-4844-47c2-89df-5b73c7a97a48,da51b357-5ca4-42c4-9d11-c0bff24543d8,detalj
310510041,61981163,02926994924,4538037,61981170,067ba77a-e3b3-480c-85da-30e2ceebc107,ee72c203-6d4b-464c-848f-15f2079025f6,håndkrem
310510106,61981177,31926898747,4544960,61981182,a13c6f25-e835-43cf-9b66-4f475f8c27e9,a9247def-3ea3-42ff-8166-e221affa74a8,periode
310510114,61981178,02900098181,4511929,61981183,45265292-b3cd-41ce-97fe-8e1b8a6fb32c,8d9ee936-b4c7-4d7d-9572-1043ebf91f45,kino
310510149,61981187,04879197908,4541113,61981192,33d00ed4-e3d1-456e-8435-6ac03d27542b,40cbba97-f49b-49b0-9d4b-0e5f864e46ea,stafett
310510211,61981196,25926799838,4537867,61981206,b036b791-9224-4ccd-95d9-bccba7f3c953,5d0a7b09-88c5-4b43-910b-42f842cda963,drott
310510394,61826325,17825298223,4555918,61981255,b68dbfdd-9990-4909-ac50-1fa64bfa9f2b,5acd6fac-7ec1-4d83-9482-c79a84e865c7,vegg
310510459,61981267,09839196625,4548194,61981278,589bc60f-6b0e-4687-8138-b138a249674d,539892d6-29f6-4f70-a120-16ed05bee7d3,aldersforskjell
310510491,61981280,09858298951,4539981,61875907,ae0be406-1646-4c25-9b45-86d11e5e969a,3c65f11d-a645-4651-b11f-b010abbe0f27,påfunn
310510734,61981348,30857396339,4543403,61981352,9b6375f7-e294-47dd-b641-e10a578c3a96,b70258c2-722a-4bf6-9190-eb23cdb0a555,geit
310510785,61981363,02927999687,4553885,61981371,740fdf3e-90c7-46aa-9e2b-96a326a88f9d,c3fc4f0d-c2bf-4592-95f4-3eed133f25e6,pumpe
310510793,61981369,03897999284,4553876,61904359,66743d8e-3b42-4e1b-a17a-256505669705,0722d543-3bae-441b-9c57-0a01fe94b22a,lomme
310511080,61981448,06858196599,4546826,61981459,f70caca3-b28b-4690-9822-8e2e3cfd0cb2,98df3131-5745-4d47-a6b5-ac31287952a2,test
310511099,61844534,19849098414,4550375,61969294,0b626fd5-20b6-4a14-a247-3b29c6aabc95,0265d2d0-7292-44ce-b860-4f50bd2ef57f,energi
310511188,61981479,08926096568,4524156,61911039,11540822-e74b-4095-b9f7-4d5a7306a9de,5b70baf7-7454-4ab4-b2fb-ba3d70f8429e,konkurranse
310511250,61981495,21824796316,4501795,61981498,35c2f177-33cf-4220-96a5-7ee672f64e91,52ad8e59-b284-481c-b093-1b35f22e548a,horisont
310511269,61981496,09827499789,4524564,61981507,e99c3050-269f-4cb9-9281-e1799fe718d7,a12d05ef-4e02-4294-9567-07cff3296ee8,krydder
310511293,61981510,13816499121,4504660,61903270,38b345fe-5f7d-4c08-b949-c95d6790fdac,24247954-d63a-484d-8bcb-f332ce15727b,aktuar
310511323,61981515,20862548346,4548884,61940335,08ca774f-9367-4663-aaee-e17b782e7baa,78f7bd20-7815-4b64-9ece-0049623fa117,by
310511331,61981518,13817495723,4532272,61981524,719c4685-731a-45f1-8266-59872a4f2d35,45507f75-8f84-4ac8-9311-a1dbc384a8f7,bokfink
310511390,61981529,27878698717,4546734,61981536,0d2ef3da-e639-4263-881a-1e1f9fd8add5,7651769a-7146-49dc-b1e4-f864a4c06349,tusj
310511439,61981542,27837396099,4565740,61809657,dc8437a9-ae59-43bd-ae9d-a9667c65670c,3576f808-7118-438b-b3c5-543e2c82c91e,forstand
310511544,61981568,02925897356,4512289,61812405,c4860f79-1168-47a8-b097-df37d59f874f,f7de228c-972b-4ead-90ec-71328b447414,baug
310511633,61981594,09844595864,4562994,61981598,8e5c5448-2ca5-46a0-90cd-5ffd34733048,50e55b3b-6c8e-4992-8f50-b4ff7ed72398,forfader
310511641,61981596,05826298717,4549269,61981601,fcc10917-c895-4c2d-90a4-ab9ded772461,774181e0-8c7b-4338-8388-f13997e0c805,løvetann
310511684,61981604,08825199730,4567207,61981607,e698a068-30b9-4fb7-92d1-67776e275857,82112609-fce4-4fed-b83c-d376cafe06ab,prærieulv
310511706,61747275,20810197596,4541184,61981611,50062140-679b-42ef-a087-bfa6c7dba95b,4fc3b431-ea94-4f33-9dbb-ba21fefda495,pakke
310511714,61981609,31905896566,4544943,61981615,b431440c-5cd0-437e-9d0f-b1aad2279f87,aa9265e5-005d-44b8-9abe-beaec7128c73,busskur
310511722,61981610,28836599855,4561708,61981618,214d353b-a595-4be0-b3a4-f02f1b0abaee,63d31b9a-bf05-442b-84fb-ef89f4bd85bd,svigerinne
310511773,61981626,05836196785,4516776,61762270,d5cb734e-6912-42c5-b06f-888c489e1d52,093639fa-d2e9-4f31-8929-c76366bf90dc,papp
310511927,61981663,14907897371,4535562,61981672,9f02bf89-125d-45ad-8d40-3f56b6bf4ebc,0fc04b4f-5037-42b8-9ad0-789c37b45753,kjedekollisjon
310512230,61981736,05827399711,4501731,61981745,9dd7db90-ff90-45b8-9fac-b51f20d8fb04,d6c0a5c3-7ae1-49a6-8cf2-4f4a04b2aae1,årsplan
310512281,61981754,12863249374,4545633,61981758,61b04b26-c418-4b5e-8cf1-34ae40434737,bbf2bfaa-3aa2-42a4-8af6-a0b9b0fe00c9,panikkangst
310512311,61981761,28864795384,4555606,61981771,db079117-ab42-4676-87f7-bd50cc3ed369,055c8d23-4b57-4a88-93f9-8f53535c079a,bankboks
310512362,61981773,15877399661,4555453,61981781,d479615a-5156-4669-b32d-7a8a626fd141,d3f1c08a-8398-4fa1-957c-f9ec8ae7c490,fotball
310512397,61981780,26916897544,4568461,61981787,2dea0973-8cdb-43eb-bbef-3a80a57a824b,0bf3b0ee-41b3-4642-93d5-69986e7d2988,ost
310512419,61981791,22846199776,4551291,61981797,85d37286-d718-4d95-b528-716d50642e2b,5a6ec6df-344e-4c97-9cf1-d3f57eb2f506,kongress
310512672,61981843,14878299982,4546385,61981848,ba337461-cb21-4de2-a0da-06f4217e7f23,1189413c-0c5d-454c-90b2-5cd719583002,kake
310512737,61981861,20909099316,4544124,61981864,05af3eda-7fc2-4094-b521-2f3f2bb72616,b618e649-af9f-47ce-b578-370352253a86,masekopp
310512877,61981886,02915399978,4512110,61981891,53eb55f7-48e2-4718-9c8a-1aac19d0a377,9ffc7d90-6924-470a-8d94-eefe95c64a59,svigerdatter
310512885,61981888,02859697944,4511241,61981893,afabf8dc-6dc3-460c-96e3-dda22668e5b1,39b6a2a9-71ff-4fe1-956d-f26cf6505aec,melding
310513024,61981923,12884698586,4531410,61981927,9b481e29-bd11-48b7-93e8-71eda23a0b3e,b7508b67-48f6-48ef-8369-a1c418aaaeb6,fjellkjede
310513091,61981935,27847396321,4562678,61981939,19c86880-c603-45f0-80d2-f07d1ff1d1b7,6a693203-121c-4ba2-8b96-f9e6934f21e1,busskur
310513334,61981983,02897496375,4502386,61740353,298a2d34-c93f-4fa7-9d5c-ff8fc1095411,c1c8a967-2ca1-4a8c-985e-431f0e68b58f,alkove
310513385,61982000,28926899513,4542256,61982005,520121a7-82e1-4dad-b9a6-d861b4d3f933,f97b7ff4-587d-4807-9896-9da3daac3c80,list
310513431,61982013,17876696355,4562780,61982019,f0e96994-65a5-4fd5-99cd-f30a75c5d647,41bee7de-f957-46d9-bcf7-51e0f7306ee0,ribbe
310513547,61982037,18916696554,4547764,61982045,82add8aa-ac8f-4cfc-835f-e1fb944e75cf,7543574d-ce67-47b9-8299-2b49c0b0bf64,prærieulv
310513679,61982065,25905698349,4536584,61982070,db1f1044-5271-45f7-90b6-3a8d87eab0fd,64fed69d-eeaa-4dfd-8139-7518e2b407f7,fant
310513725,61982080,23844099304,4538836,61945570,6a80072f-101c-4421-9f74-82343e454829,5f5cebed-b361-4223-a633-738c6d869ea0,advokat
310513911,61982130,21926298760,4538880,61982136,faba57bd-08d3-4f24-bba8-6a0fda76a213,774d130e-fc55-467e-a151-acdd7a9ebeab,tangent
310513970,61982144,08889699273,4523606,61982152,7edb0b4d-783e-4fad-b080-70d494608c63,71d71a8d-7c5a-48f0-9036-717db084136d,corner
310514039,61982160,03817697533,4555803,61982167,896a0227-9583-4cca-9bfb-95c8008e98c3,bc647f7f-4919-4762-9b42-49774ac34c5c,ridebukse
310514179,61982196,01918899908,4550206,61982200,11607c51-0030-42f9-b33f-93edf7aee251,be27d546-74d2-49b1-b562-d987c92519c6,bønne
310514349,61982239,21916897135,4565045,61982244,1e284b79-ee5a-4762-910e-336305a24c70,fb7ce15c-1304-476f-8147-8702a5d180ff,juleferie
310514489,61982266,02816997790,4505941,61982271,0fb2938d-706a-4c51-a245-44c0b7d733f2,e6aa0304-7cd1-40a3-bd2e-a3068ede5bac,badmintonbane
310514500,61982270,09825998338,4539725,61723676,3a23d267-b986-4c37-ae0d-4cb13ce9dd93,c3ec63c9-9747-4c0a-9998-d36d6cca676f,inntekt
310514551,61982284,10819999002,4526462,61982288,53bf10e5-cc3a-4830-bc5c-9baab0847b87,4cae430d-f49a-465d-a5b4-5036a4de1068,kjøpmann
310514632,61982304,19892847536,4538977,61982318,b46fe691-ce58-4910-820d-d4fa934abb10,15051432-1bed-4b7c-9d9e-0e6b9a58e977,eske
310514659,61982319,30875795704,4539722,61982324,1d1a8589-041a-4c34-bda0-e9271eede8bc,179bddca-c24e-4969-87fd-e514833ab3f3,råvare
310514756,61982343,30884697928,4548678,61982350,83d853c9-2f75-4eb9-9241-d9caa81bfe2c,5dc43e10-58cf-4c02-b762-f305e41c7707,tommel
310514969,61982400,07905997534,4550344,61982405,d87c7997-3948-4134-b011-c2c9fb3e4ad2,b54fc238-e1b3-4afd-868c-a3157191ed5f,påfunn
310514985,61982402,21825799149,4549807,61982409,4df2c06c-9135-4c0e-9426-94ff35c752a3,83645a44-1dee-45bf-a9d1-61b9ba253123,toppvinkel
310515000,61982404,26847499027,4559452,61982411,1933d24a-c051-4654-9e78-66b108284bf4,f93c5c4d-42c2-4512-b942-aca15383a42f,telefonkatalog
310515140,61982448,23928298280,4548758,61914152,b7754670-8651-4e69-b85e-1c5c77ead35a,1e0540fb-9448-43f5-a9e8-f4c796a0ceb0,artikkel
310515205,61982459,04907299800,4515928,61982462,00605e33-0228-4197-bd02-0bba6b59aa9f,4cdf4c7b-0574-44ad-9670-4b8db8604dc7,kontakt
310515213,61982461,25908398109,4505137,61982466,e0918615-ede8-46ba-856d-87a99adef72f,1e1230f6-652e-4364-8d8b-1603c6c60e40,dagsmarsj
310515434,61982517,07835499159,4520658,61982523,21a07dae-4523-49cc-b377-499723bb3de7,aadcdd9f-2b3e-47f7-92fc-9e6746d43756,sild
310515507,61982540,29897697600,4502786,61982547,8f33c352-35a5-4d71-a299-0724eb00e814,35149052-3ff6-46f1-bed2-01e7a8595fea,fjær
310515515,61746031,18826898115,4505315,61982553,ff0b503e-3e51-4610-8bce-408e021c61b2,298841fb-1800-4e5e-83d6-cfb73bf4c7ba,trekkfugl
310515523,61982548,01829596535,4508751,61982557,f621130f-0932-41f3-b765-822d42c3ddc3,7b3ddedc-3aeb-4d04-b24c-8dc57ef1d3b8,morene
310515574,61982570,05844896745,4563820,61785427,f8c7a1f8-af2c-4564-8d1f-1decae7f5394,c70d165a-7263-4b7c-aa39-cb40b3ae5aba,gråhegre
310515582,61982571,05817499580,4558836,61951236,7bb5f61f-b0f8-4360-9b06-6efef43ed0f6,e4a0f35c-2e5b-4b80-a44d-763d7a40b000,fisk
310515760,61982626,19867599730,4538483,61982628,5ac21923-3b8e-486c-800a-a5825323e652,f0c45ad7-defd-4d3d-8e77-8e8d8ec67ee8,reserve
310515795,61982629,01872649723,4540163,61982632,c227f89c-2c56-4025-a5bf-48f0b726bea4,04d33f3b-c4b1-4ef9-a646-38aa99c355a4,fiskebutikk
310515922,61982669,21838299048,4566557,61982674,87228a65-4f5d-463e-9d4d-f797ef17f2fe,a8e6f216-4665-416a-987e-39cf0c8ffbc8,sans
310515949,61982675,25919199817,4562138,61982678,839fc7e3-5f06-4ab5-879f-178d1cfc913f,6f224f61-4938-4c54-b6ba-bf4e40154488,bit
310516244,61982750,12868297156,4504713,61793316,91ba61fa-c352-439e-8e2f-df583eacf262,96c9dc78-11e1-4af9-ac0c-9a52e4005fa0,fastlege
310516368,61982773,06826996771,4547038,61982787,de69b420-a8cc-40fc-972f-b85f0c8a1e10,f46de117-eba7-4051-a9e9-fa8533fe6d12,mandolin
310516376,61982774,18906899724,4503316,61982788,9605ea93-c1aa-45a5-9a6a-70a3ad8ee34c,4d878081-055c-4e3f-87e5-bcd2ae769870,orientering
310516465,61982813,13924997863,4569838,61982821,1d3e412e-7108-4988-8b42-4fa973d584e0,1e633490-fb60-4abe-806f-c5120463e53e,faktura
310516643,61982859,05825497341,4557844,61982864,5d042466-f5e8-4f42-8dbb-7a425e34d605,80674e4e-5eaf-4061-bddf-8829cc802c2e,olivenolje
310516724,61982888,03845698340,4548121,61982893,aee3aaac-1e41-471f-b289-81284505d2dc,c71444e1-b712-4848-af5f-5fc63d5400a7,daddel
310516813,61982915,25906599573,4569769,61982922,5b92da2d-514f-42df-99e3-7055dfc04b21,a77d60b4-e484-4bf3-bbe5-67c3c9eceac2,fan
310516929,61982937,26876399724,4562308,61982943,4f30f53a-685c-47ec-b5fb-5a62eab4cf26,b6d94c53-3f73-451d-a1ae-0156eaf907f1,halvmeter
310516937,61982945,09906998324,4525893,61982950,71d3a640-57a3-4bca-8a52-0445402b6228,59714ccd-1a93-42c5-9c87-db4d64c17541,faste
310516961,61982947,01825399557,4508637,61982952,599ef20e-f8cc-479e-902b-9c606797abe5,7d181801-09db-49ba-bea8-a5c96edf91fe,filt
310517003,61982964,05878698373,4517473,61982973,7bedd198-51a0-4d9c-a5fb-8eeb330512f6,6db68b58-6795-4d64-84d9-0bbabdaf68d2,ferie
310517143,61983009,28814799346,4557059,61853141,829ba699-c254-4d1a-9313-a2a2ba5697d5,3573254b-519b-49eb-802e-47eaebe44c5f,tallerken
310517321,61983069,02827399895,4545060,61735813,2dc0f6ba-778a-4742-938e-bc44fa04da9d,bd4fd442-e580-41a7-8938-bf71c2a5c114,øy
310517526,61983110,15922548924,4546964,61983118,e95648fb-8ad3-4cbc-ad24-7b08298176fc,5e99cfd7-6938-4211-bd44-a4b3a7002a01,salve
310517569,61832633,01839597904,4508928,61983128,6fc31b3b-ac89-4f3e-ae0e-e56d8b04c0ab,cd610239-6459-4b49-b2a7-6aa4f212bc53,øvelse
310517615,61983143,07816096752,4537754,61983148,f28195ab-19c7-4d58-b044-062e1db05fc6,5e036788-b5d3-4eb9-b592-3e850f0137dd,ektemann
310517666,61983152,06887298562,4505780,61983155,c80b1064-c09e-4e66-80d8-4e11d096f4f2,9cfe1fc2-b421-4663-bbcd-c08c1995ce32,doktor
310517690,61983159,18852849548,4536220,61983162,8831d67f-a626-4a4a-8025-1566e9b99b49,753d5cdd-5be4-4105-a83f-ff7064468795,frukthage
310517976,61983218,06926596312,4568345,61983233,d89828e1-139c-47dc-9a37-3ac1341560a3,102324dc-076c-4f3f-b0db-ee8473d3770c,oktober
310518026,61748008,24855499920,4504585,61983245,fa1f2dd6-d905-4fa2-a35c-b76266000b4d,6a83b400-e235-4724-b46f-58b0d3f57a30,mandel
310518042,61983246,16844999147,4502756,61983250,e16eba87-71ca-4f3e-acf5-0647e8b500a9,52507396-d17d-4af7-b863-bb9796682b27,flagg
310518069,61743115,06818499890,4562758,61983254,6aa39ea3-191a-473e-8d60-600ae8eb3717,bc515620-cf6a-4b3c-ab85-0ddb6509193b,energi
310518220,61983291,14853448924,4553903,61983295,2f5550cc-85bd-42bb-9727-664030352b10,3dabeb17-8266-4533-bfc3-062f3c3b886c,sebra
310518271,61983302,01837098757,4562616,61732114,d56f15bc-3b43-4243-9059-c506f717ecc0,ca325088-8ecf-45ed-96ba-aac8001aba85,sysvort
310518360,61820659,06887697157,4549688,61983326,a818b00a-80d4-44c5-a96d-beec829e4806,e06bf3bc-c775-445c-95ea-6ec7dd905369,farge
310518387,61983323,08878299362,4553201,61983328,8a12880d-9e9a-4721-9e32-804540fa7a1d,f42e93f7-cae5-4328-9fbb-cce5707d6a13,kokkekniv
310518395,61832095,18922649312,4542797,61983329,da59bb3e-9eba-4011-80de-ba2ee0e055b1,0b2374a9-e6b7-44b7-9eb6-6bd45c65f4b9,februar
310518476,61744403,16924399361,4549065,61983346,32129f2a-0da6-4d57-8f26-f07e6ee2c371,53fd76ad-76e7-4883-ba16-15ea03321188,overstyring
310518727,61983404,07848599063,4557327,61983410,3e94b600-6cd0-4bb6-b1b6-b354d0ef19aa,35771667-2058-4873-8a6b-0697f08e6980,kokeplate
310518751,61983412,15887497742,4539906,61972670,5d2d38bd-9a3a-4392-a6e2-e1937c1582b6,86e54a68-67e3-4034-86f5-6b3775dc284a,badestrand
310518824,61983422,15905599574,4543179,61983426,0b76c697-5222-4c4d-9432-a6628ab2a234,09417e86-9534-4a37-805e-e55803f087a3,årbok
310518905,61983439,07876999727,4565642,61983445,34f3fdcf-4f83-4ca0-bdca-32defdf05d0d,3affe233-8ce6-4509-b1e2-72d3cfecdade,lyd
310518913,61983440,09895596717,4525728,61983448,69538876-87fb-4973-b35a-fdda055dd4f4,b02c9dd7-cfa1-4e16-8f92-570795a13d66,rist
310518948,61983451,24824696736,4541950,61983454,9bbf7dc2-28db-4acd-bdd4-02f733f452d0,e3443b53-04de-45df-a531-94c2be126ca1,føll
310519014,61983466,27859398893,4548856,61983472,96f23208-8349-4820-b456-b35f7164fd10,1b32a6a3-cd0a-47a2-9613-58ffe30b9880,region
310519022,61983467,11916599384,4529946,61983474,b667f4ec-6bce-4b27-9bbe-c0b59c3fd414,ef1d169c-a950-415e-8615-865616148003,kanne
310519073,61983479,09895297124,4547897,61807420,f3cdee41-9ad2-41c7-b832-771bb2916760,e589d611-cfaf-4100-ae86-cf4e022dbb77,kortstokk
310519146,61983493,31834497703,4549542,61983501,9f8a3b50-2563-46c6-818a-966b96e7989c,73601269-861f-461c-aa35-c41947874dd8,kollega
310519197,61983505,03879598736,4513497,61983510,d5082496-3be4-45d2-b0df-aa6d43728a3b,cb8cfa86-bac6-4fed-bd5e-510e2e518db4,fordypning
310519383,61983555,12824997886,4530398,61983561,0fb5a743-7974-4488-ab77-bfe0b6e9f31c,0fc5cd24-29ff-4b6d-a0aa-9d5fcbb8eb5f,sandkasse
310519421,61983567,16858098126,4536493,61983571,7e018537-907b-4700-baa9-e026afa3af1b,8dc7b8d9-404c-4273-bd7b-3e06b0f9c165,synonym
310519472,61983576,01833548391,4505690,61983582,a39ef4db-785b-4787-beb8-08f9e8991d71,f67cf77b-e016-40f2-96e7-01636fc14f7f,plast
310519588,61983614,04856997214,4549346,61983618,8e891e97-0d01-4fb5-b5e2-a346ea63b4ab,22ff3f85-396f-4bfb-8297-693a0ffa6dd0,fase
310519669,61983638,30837598997,4554934,61983642,b1016841-178c-4571-b633-5b191ce1669a,85e2b5fa-b6ce-4f15-91c5-75b4fca12121,betaling
310519774,61983660,12814898316,4530229,61983665,5b4f640e-9ba1-450f-a223-3156a5df4533,72c9c66e-0aaf-4458-9a57-4fae25b27e11,kabin
310519901,61983693,06867898830,4545079,61983695,6c6cab8f-4043-4037-8534-e4c8cf1910ec,2a7dd55f-b896-4328-b903-cc4c6059c0b9,kløver
310519979,61983712,28818599589,4563549,61983715,7473c776-b2fa-456b-ac6e-ea958415bb6c,a8f2d7a5-e66f-427f-8c9a-85210df6d050,besteforelder
310520020,61983723,06818598503,4554307,61983728,78b0f167-74db-4d7b-974c-8113023900b4,0e2de18b-203c-4094-a411-3ac4e3ef4efb,dråpe
310520101,61983750,07875198100,4521270,61878730,6e0793f1-8a97-42e3-a8be-a9059efdd17d,ef4358ef-effb-46e6-a692-3b1b2ebdbbb7,bie
310520128,61983751,14925496961,4543311,61880444,8b77873f-71c8-4584-8f5d-589ead188af4,15517cf5-23d8-4032-a24d-fcd53fc5b7dd,feltstol
310520349,61983800,11895098126,4551093,61983806,8bb554dc-d935-4636-96df-466dfa26ab93,ecb821a7-4f08-48cc-ae10-d7a1517387e8,gran
310520373,61823985,23826399686,4502683,61983808,24d5246b-5e50-4bc2-9e98-d82a8ba8f765,a9657ced-bb50-4082-a14a-bc17475880ad,jungel
310520608,61983862,13870198951,4550434,61983874,5a478a98-9cbe-478a-8b8b-5443fa805527,8439722a-d36b-4f2e-94b3-94ee3cca5a34,medisterdeig
310520640,61983878,22887199683,4503125,61983883,a496db21-4ae5-4a81-969c-8368bec4143e,bb0e50e6-e3b8-47ea-9c1f-9b9e90b94adb,motvind
310520659,61983881,29837596503,4554852,61884782,725e1df1-414c-4c14-b45d-c191f8e4bc32,c7dcd2aa-2114-4884-9735-af03d2f0c33b,vane
310520675,61983884,25908698404,4543162,61983891,e08abe79-775d-437e-bb86-9e2ef79e58fd,07731372-550d-4ff1-ac72-032398d91ea7,likning
310520837,61983923,13892749773,4562746,61983932,5d3596f8-82c0-4516-ab13-ee02088f6cca,82e9c3d8-ee60-4df6-8326-8adac3ee70fa,abakus
310520934,61983941,20908497008,4565165,61983946,61a721af-71dc-4305-955f-c724d5861457,d1586fa9-a4b3-461f-9929-9ce4c6b2e1bb,bygning
310521078,61983981,04827897332,4549769,61983988,c07ed315-c3af-4cf9-8233-25f2225c84c8,21467f23-d964-49ce-9921-4bbb265bffff,ape
310521132,61984014,09885097798,4567963,61866497,b3403fd6-3f4d-4018-8542-de8f6d460648,2de64f90-6f0e-4f99-8226-15eb58fb53b5,corner
310521167,61984023,02848597905,4502383,61984027,74c22d03-5d97-4363-931c-3e2fb76bd796,327b3aa6-8d55-4881-a9ce-1bae730ea610,stafett
310521191,61984026,13854498341,4532865,61984030,b0a04e5f-8749-4725-bd2a-4e7a2b8282dd,c900f73e-6bab-4110-8fbe-729a9fcb9236,hullemaskin
310521299,61984053,02836297906,4547843,61984060,d11d2d65-48bc-4aeb-8581-434710da745b,b8872c9e-cbe9-42e8-a5f7-5f4ada181547,bokhandel
310521434,61984087,13887497189,4570992,61984094,e6a251a8-7840-4d6d-9c6d-c96abf5d6fed,65d6484c-ed9f-46e4-bb11-8285dd11b678,balsam
310521450,61984095,25867696396,4562949,61984109,928bea55-7bb6-4eb0-a0f9-2b92b0d35bee,3dd4cad4-d158-4aa1-82d1-53d19e9a8471,stasjon
310521515,61984116,06876397852,4561075,61714379,1398e35c-cbd6-401a-9dc4-b66b6ddcbe22,1d732323-d18d-4111-a8d5-4d6486b08e96,direktør
310521698,61984157,13833748534,4503903,61984166,d6eecf2e-457d-412e-9528-50ed34cb353a,67a8b174-b0ba-42c8-a6a7-3303fc7cb9da,grøt
310521825,61984196,02828898348,4537969,61984211,b954ce05-3369-499a-823b-28b574bf0558,8a64fbb3-8736-4a13-8c84-f6b694585a26,dråpe
310521957,61984229,28867299981,4550780,61984232,c0816f41-41ae-4d9a-b971-39e9ca15202f,a8019b57-d64b-4102-9cea-10e80bbe7ddd,kontakt
310522147,61984269,12894297032,4531573,61984272,e7792810-9f62-4b08-bbd0-85e10d47d84d,277b4e82-cf51-43c2-9bf9-30106511ed11,hestedrosje
310522163,61984277,09866198389,4506358,61884741,943dd9c5-4b7a-4014-83ec-a442643f0856,638e213d-1995-4084-9109-c97c6d42b029,township
310522201,61984287,20897399556,4538780,61875016,0db800f5-20b8-478c-ab36-cc5418f82a53,7d35ba5e-358b-4eb4-aca2-88319935b3d1,fole
310522333,61984314,05845198324,4506289,61723085,579c36aa-e3a7-40ed-ab40-f8320a59d0b6,481a80f1-b01a-44a2-a886-f44d72909fa2,bie
310522406,61984334,22917698116,4554523,61984340,426fd1cd-4685-4d61-9c6c-20a3ad50aefc,dc41b7f8-a582-4a0d-aedd-d168a294cace,innhegning
310522422,61984337,10875598525,4527336,61733398,8847e4ba-c223-409a-90fa-3004abb59833,44499359-8b2e-48a9-aad9-067d20709284,penge
310522457,61984346,05858997714,4545305,61984350,2905f6cc-23a7-419e-a449-ce0fe511797a,dbb27e46-556c-48ce-bfc6-76f295ac7e73,garanti
310522503,61984366,27884999389,4547640,61776314,0f819aae-b5f0-4989-bb72-da595ced2679,8e52bcc9-314a-470c-8f4b-556919754990,plikt
310522538,61984369,22848099388,4561219,61855075,48414179-6151-483f-8ab4-197dc66c6b04,5745f1ff-2b1a-417b-bb8d-299ca1e68cc1,fange
310522678,61984397,22915798504,4539216,61984407,0b5bac56-81ae-4e9e-9ba4-767869be5dd0,dba89bd3-2f7d-49e2-95a2-3c1eea045c2d,desember
310522767,61984423,45916401152,4504491,61984428,ef9509d9-6e0c-4e63-80a9-4a4afbc4d4e7,fecf2d8a-e1be-487c-80b2-e07fdb2ee28f,kommune
310522775,61984424,23828698982,4566477,61984434,c67a3bf4-a92c-497f-8d0f-bbe5f9884586,9cc93658-090c-4983-a138-ba5103a4fdd7,treff
310522864,61984442,10823648788,4563305,61984450,12d93a82-2e1b-4c58-af6c-64ef90f76a84,c665a705-497d-41fa-bca9-aaa7c9a52b0c,fattigmann
310523011,61984486,29905896154,4537591,61984492,9e175b82-1850-47f0-8321-862db49b31b2,692f7149-676e-4de6-8996-4612e7fe65b5,gullstol
310523135,61984514,01907399652,4510030,61888894,ef75a98f-153a-4987-ab66-e3d7abcb3660,01442d3b-d09f-4438-881b-8a2f719b0c0d,blekk
310523143,61984515,11834797390,4502717,61984522,115cf4f7-3574-44f6-a514-5b0f80c1b57f,a3f55673-4ad9-47b2-b4dc-64d4ed116d56,sentrum
310523178,61984523,06887499398,4564552,61984527,4e68552f-bde5-4e8c-95bb-4ba84b32e28c,f80e071d-c211-4ae4-be2f-a9916afe0b7e,branngate
310523240,61984541,14848299074,4539342,61984550,426406d1-30c9-48f7-add4-fd284a1e45a6,8c7b288a-328d-4d5f-a5c3-be1f5070477c,blekk
310523291,61984556,23819096309,4555999,61775726,d70cba62-b8ec-4fdc-8429-5af8eb1cfd26,e492ec02-1830-4877-bea1-106b0e103607,alpinski
310523429,61984584,04832848919,4556542,61911870,2c9e1e21-eb5b-4e4d-a5b8-54bc43004c26,d189dea3-d98b-4af9-9bdc-6d721aa9d482,handleliste
310523445,61984586,05816798126,4501699,61813290,d2290cec-dfbf-4772-8c9a-18432ed0f2e3,c9fa010f-a118-4b7c-8e14-b886ddac43bf,kjerne
310523593,61984622,19926596724,4547137,61984628,337c8cdd-f953-4bbe-aea2-7028a7ac8f08,30413977-04c4-4b2e-a9a2-c4d3bf253538,pakt
310523690,61984643,15825299987,4536141,61984647,8d1d137f-b5f3-4777-8104-ccdd44418e44,adfe6988-fcee-478f-854e-593b1973d62c,satellitt
310523712,61984645,05855699526,4517055,61984653,7b81a944-91d5-4864-ae92-7e9102ae12c6,9ad0bb80-de54-40c0-a3a3-37091c1f5840,pes
310523720,61984657,05889797942,4517684,61984660,697cf9c0-a63e-4355-8b4d-b0dcaa67cd80,dc896b8e-ea63-4ffe-953b-55397bdeb21a,reise
310523747,61984659,05818397315,4501664,61984667,cac296dc-ee7b-4fdc-a0c8-6a9d6ef395f3,fb71005f-ed07-4c29-9da4-b708f375cb4c,trekkfugl
310523755,61984661,11908998954,4562335,61984670,f35ed05f-6852-4a42-bec3-14522c02227a,c1b6c5ad-3c71-432d-af46-b4a461c37a64,ankel
310523763,61745628,20875999606,4560315,61984682,4c087e1c-3bd8-4961-8917-c55990745529,d4ea34d2-a8e8-4b12-aed1-e53bcfde9200,arbeidskraft
310523852,61984695,16866498648,4561004,61984698,50c4d28c-ca6b-4309-a50e-616ad2e500bc,26c6c0e6-a0dd-4c91-9cc9-ae1e2028604f,beundring
310523895,61984709,08876497337,4523348,61984718,a56cccbc-59f5-4f38-85b2-6bcb7a505dfe,0cea3cb9-5bc8-457f-bf57-b404a5007174,direktør
310523941,61984729,21827099330,4505063,61984734,0cf8fbfc-1772-43fc-89cf-1e6003315baa,4448935f-a46a-4b83-85a8-988ed8352d0d,krabbe
310523992,61838833,28816398373,4552785,61984748,a803709b-cccb-40ab-8e70-19d7eb1275b8,ed9215f5-1e37-40a1-b71d-12a6eabff2e3,bokhandel
310524026,61842296,10919698980,4528061,61814176,4ee49890-520c-4943-9cff-d3d8feded6fc,85896d4b-eda5-4cbc-a51c-6fe43c95fbba,eng
310524484,61984845,23913849388,4566582,61984849,bc275c29-e2c3-4dc3-ad62-4247b528fb79,20127230-1dd3-4605-8fd9-faee10e65a76,kanin
310524522,61840178,06856199337,4565936,61984853,8db2714d-505f-42b4-a7db-36931a21b6d4,f78ab4dc-f8ee-4a0c-9080-c8eda79f5366,sarv
310524530,61984854,12926497896,4502457,61984858,134ed555-0ae1-4c66-afb5-e56db652596b,65a1b04e-1a31-417d-9a7a-4a761c21ff2a,jaguar
310524654,61984877,09905598756,4549786,61984884,b8f6a2a0-bf2b-46a1-9b16-0bc53147e6b0,c5913e48-05a2-444f-8eee-31d3a1352ea4,maleri
310524662,61984886,29849899307,4537796,61984890,faa9f270-9dc9-4449-98a0-64845a9f56af,4da54de1-d343-4e00-870b-8d68e00ff804,fjellkjede
310524700,61984893,03876297158,4536925,61984897,72b80129-e52c-4515-953a-2bf2ffca46ee,ac66d9b5-d0fe-4796-a5bc-e34731d50f78,eføy
310524816,61984916,18897697196,4560178,61776518,12358ae0-c62e-4b37-b1d7-a8a8de26a3de,c1881784-8db3-4090-a172-5af7ee5d0680,gyngestol
310524859,61821732,13849697883,4532828,61984934,3e91f94f-01b8-4e8b-acb2-fc6fb3b64396,d9673ddf-e739-4e3d-b4fb-e8652e71a5aa,lukt
310525022,61984980,01905898201,4505557,61984983,7331da2f-0d67-4cdd-8bb7-d2c835199a90,0abde83a-0184-4b34-95af-318e0487c6cb,dagelev
310525189,61985008,02839799996,4556165,61985012,12423d28-8c49-4e0d-a4b3-f2d7decace6b,afde85b4-3438-40a7-8d2e-20ec7588d3e5,lunsj
310525278,61985033,08825598082,4522447,61985039,ae8b46d9-9229-4242-8d97-66218da16c1a,67aa066e-4589-420f-822d-3b3520a62d7f,muffins
310525294,61985035,09855299841,4554776,61985042,01dba2f6-87f3-424f-84ea-58807106828f,e00df03b-87c6-48d8-babe-8eac06702160,alkove
310525324,61985047,10825599792,4546799,61727351,94b796bc-6285-4bb9-bce9-d412da8c769e,3cb4181f-545a-4011-98fb-c0ea453492e0,kreps
310525340,61745009,47815700909,4547032,61985059,764c05a5-c4ca-455f-b385-df42af1886d3,bdf995e9-4ab4-427a-ae30-6a58462fa7b7,aktivitet
310525367,61985061,12927396767,4551469,61985065,107a229b-34c6-4c8d-9103-050aedbcd236,d678589b-6af9-4a09-b89a-bb1354e64cc8,habitt
310525472,61985091,26869198640,4560902,61985100,dc5cc282-8cef-4fcd-86e5-f92b0d2fa2df,96e6bef1-bcc1-453f-b5fc-b2e0864b06d4,unnselig
310525553,61985123,02897099600,4511857,61908300,85674b4b-741f-4f18-96c4-2c065492b12a,f1b6b578-5218-4f43-bd34-41dbcede4244,guvernante
310525561,61985125,17858198267,4537374,61985128,62facdbd-27ed-418f-8ed9-c7a512f8d382,5c9cd836-7390-4098-bc07-41d5fff31b0d,galakse
310525820,61985174,28879398489,4552278,61985178,fb7aa274-1c17-4156-b60d-953f0799f7f7,4b81f6f5-4404-4d32-80ab-4cb2907509db,handel
310525987,61985204,05894997933,4546461,61915261,c3c61177-9a63-4cb4-be87-f4d18dabe32d,0e919443-786e-4867-8850-009ed3fe6d06,handlingsrom
310526002,61985210,06816693924,4566950,61985215,25f911df-9914-4f53-9552-4dd03d91053c,ed7274aa-e5aa-40d7-a5b4-302bc46e1b70,dato
310526193,61985260,25897399108,4538718,61982619,5e419eda-4adf-48cd-876b-c5fd771b2d5a,199c9c0f-8571-4936-9d55-1c05d697861d,person
310526215,61985262,14847699524,4534627,61985266,5d74c493-9d1b-44f8-9f8f-47af8d9a1f7d,0c75d93d-51c1-428c-93bf-16c6344908fb,jorde
310526223,61985269,21898099994,4559822,61985271,d01082c4-2dba-46b6-a0d2-595e44ccb699,5e9ddd58-2efc-4c81-b3a2-0a5af3cfcca1,telefonkatalog
310526339,61985291,14896897900,4545892,61985296,0f1e3d51-bbac-4c0d-9dde-318ea6487b1d,7d246682-34c4-438f-9242-aad3b2185c2a,jekk
310526371,61985310,11816097926,4546641,61985314,a05b9e21-e773-4360-99f0-92eb03c42851,ea9531c1-ffd9-46af-b6df-7f810f8dd751,lov
310526517,61748558,19848597859,4563193,61985338,c25c30e3-bf36-464c-8661-98bb4ae9e459,946417b0-f2ea-440c-853a-7ca17ab94a31,meter
310526541,61985342,03896699708,4513777,61948444,8dd5e9d9-fdde-4b21-b2b6-e1f72101dd3f,93e39ca8-2a9c-4e0e-9b3a-774f315acf4a,bekk
310526606,61985352,14816899991,4548005,61725851,f29eed16-d393-4d13-bdff-14e36abbcc60,85c43fb5-e1cf-464f-95e7-6758b8f0d420,regel
310526657,61985378,07905999111,4503256,61881953,444e5db6-f21b-43e5-9bab-895ca4b5ab60,2f2b672e-99e6-4156-9b18-f2b88fc4a66a,gjenstand
310526711,61985398,18815597431,4503289,61926177,2b2f27de-d2fa-4a1b-ad9e-d7220a880afb,d245c5f5-5eb9-4aa2-8301-b9b709f0d307,aktuar
310526754,61985404,04887498364,4549874,61782844,dcccefd7-d526-429d-9aea-7afe9ebb7bd8,7526bb9f-c404-48b6-a2e6-5e20aeea9cfb,herbarium
310526851,61985439,17898499316,4568773,61885440,6aaefc2b-99c4-42b3-b531-2246bf4473fa,055adcf8-4ad7-4fb0-8d27-c74203509b9a,leppe
310526991,61985484,15827199831,4540179,61985488,37237b5e-3e2e-4c6d-8941-2e61fdaaa9f6,61dba058-5827-4b27-b429-cb8d86bddaee,akselerator
310527041,61985495,17906398583,4569613,61985507,ba739e72-1955-4d0c-b8e6-15dcb34b395a,88baad2a-fa4d-4388-9dad-683057d512c5,vaffel
310527424,61985608,03928299103,4548427,61985614,9e604d44-81f8-4eba-af9d-687409100bbb,7332ba20-c905-4daa-b5ca-706ca6d0edbc,anarkist
310527580,61985662,19812748702,4549833,61985663,512213d5-cae9-441a-8f42-e1072c2ec003,a1cd056b-c250-4fa8-b5dd-6ba3a637da25,klokke
310527734,61985693,06885899305,4568919,61985702,142fb285-2fbf-4870-b17b-1a266021da8c,706a7ca4-b144-4133-bd4c-6a447c9aa0f4,fordypning
310527750,61985695,14829596009,4558104,61985708,37895246-6bb9-4294-bc11-3f875b32c924,32b6be95-5a20-4713-b3fd-9c36a485cffe,tunge
310527785,61985710,08847697327,4561496,61985716,325208f1-4d33-42a2-a4de-c6cba2300218,2f6c7097-5054-47cb-986a-bf5e2328128c,bakterie
310528056,61985771,08855598729,4551168,61850916,8ffabf2c-6013-4a29-84e1-f14723008fc8,9916b610-83a9-4ce8-bcf1-15629be6d267,anatomi
310528293,61985834,02926296313,4547813,61964054,93d901a7-8afd-423f-8260-481195b257a7,f00e7189-598e-49d9-8e03-c1aa1e436362,brann
310528447,61985868,22847699799,4554355,61985874,bcf693b7-d0d7-4b3f-89d0-456f175b9a84,4f87dcb1-25c9-4215-bcc9-92492428c8e5,domstol
310528498,61985884,02927398888,4557079,61985889,51909d13-a4e3-49bd-b0f0-b1624ea0906e,58494068-b02d-4b9e-baf5-029bdf1733c9,matte
310528560,61985900,14877096794,4503053,61985905,a142af19-43e0-4196-b13d-cbafd63ae900,e5e3cfd4-b71d-4a2d-8b96-78b3a00a5022,bjørn
310528595,61985907,07918398206,4545840,61985915,ad53bfb7-a7c5-4f52-8d8f-1279996bf48b,28dcf7fa-5ea1-4247-a3c2-dc9671bb0abb,busstopp
310528668,61834735,25876096180,4502859,61985929,e7d82a50-d98e-4727-acd5-4abd390112bd,99f05bdf-211b-466f-8453-0a6559050503,funksjon
310528803,61985967,01893749590,4509780,61985971,a5af73ee-42cc-4963-962f-26206754fe5a,d6f9a367-8899-40de-8d9c-e3aaf601aad0,oktober
310528811,61985969,13914398732,4545912,61985978,bed980a9-4137-4871-9d4c-c9397716bd46,b2254498-63f0-4d8a-9dcf-4a5f93bf6e90,dagbok
310529001,61986042,06885698318,4506031,61986047,bb5f9b4a-9b54-4ce1-94c8-61ed6883e47f,43d64cdf-9794-436d-9116-60b6ba5741a8,bagasje
310529028,61986044,06876399359,4503477,61780950,a30efd0a-1522-49e9-95e6-3a298fc5a54c,aa2817d8-d2a4-4ff4-8a77-1ad322ec8dbc,kasse
310529044,61831738,15824999713,4536130,61986052,e0647185-ea0f-4a69-b5e2-dd98fcda193f,683f6fd8-db01-4005-a31e-5a30a6778992,gluten
310529087,61986056,20832548538,4557747,61986061,b7656d60-145f-4dad-9903-4c51a0422525,873e5a12-ebdf-4c27-b1f8-71874618d994,frase
310529117,61986064,10860099727,4527122,61986070,36185e28-ff56-4e98-862c-35268287b3e3,44b2eebd-6def-4855-bd24-d38f5aeeeb24,pannekake
310529133,61986072,04834598774,4540545,61986078,911bfbb8-2ba3-4418-a7e3-39ab1d802a48,aacf5a12-b449-4687-9b3c-3e45ba88b798,purre
310529141,61986073,13830099926,4532498,61986081,9bd09d0a-be6f-4f06-a5ca-0f3a7e81a87c,eba7e049-20a2-4b61-abc7-7ae7d9a75075,inndeling
310529419,61986149,20924498545,4504086,61986151,17c0d759-359f-467a-a76e-58234bdfe08b,8f8d548a-7ba2-42aa-a737-35827c926159,frynse
310529478,61986158,05869898939,4517335,61986165,9bb2e350-df7c-4cb5-ad60-90668e916578,7aa828f4-2827-4937-88b5-0d0421617c44,platina
310529583,61986192,05906497923,4542566,61986196,a7c32db6-8c6c-40ec-b5fa-8f9abeb5473f,4e969294-51df-4e71-8118-a12f0fd47351,pedal
310529680,61986210,04845799518,4541555,61986220,239cb463-89cf-4e20-a96b-e71c0f858894,5596fc90-e9d8-4996-9f4d-6d3c9008a471,hestedrosje
310529818,61986247,28879097713,4558800,61986255,721fa459-a40d-4280-8c43-84dea35e9904,6cf15d8b-4599-4a08-8cd2-9d5642967962,maktperson
310529834,61986253,06835398739,4518706,61986260,063c3cd2-5fd9-4672-8229-4913687c7143,c73f83ee-cc52-4b8c-a0cd-b9341f3e4505,beundring
310529842,61986261,26816796368,4538495,61986268,96b42d75-a34d-4eaf-9962-bd3a763d105c,9a729197-98b8-4cc8-ad39-9b8ce88c5ae4,mose
310529893,61986292,15879399960,4503390,61986295,d8adf6ab-c908-4b85-b5c1-82fc92995e6e,d6f37cc0-9f36-4696-afb9-f14bed465e43,alligator
310529915,61986294,01908498131,4553284,61986298,3a356870-f777-4f5d-ab41-c5ab5806aa3d,b59a970c-8a3f-4fd8-b6c8-a3e74a86c348,diva
310529931,61986299,15909399111,4549025,61986312,05a69a49-c696-4873-b3d6-15ac6e65321d,85158976-3046-4aae-a82e-1f64ea1c847e,delegasjon
310530115,61986350,19895999213,4551149,61986357,6e4a9839-72b3-48e9-ba28-b022949833fd,d6523830-323d-4936-a919-9d8b79a5f1e0,helt
310530131,61986358,25830398387,4550418,61986371,761c8fea-53f9-4020-81f8-7c7357b7d1c9,d2b1c8cb-9d92-47a8-8055-12b2dc7c2a75,bukk
310530182,61986376,31879597059,4502403,61986382,dfec6fc3-828f-434e-ba7c-ba6691709d10,e386fe1f-2ee9-419b-8530-0800722f10d4,ovn
310530190,61986377,31853249125,4550836,61986384,38d88714-bf19-49f3-a5ec-6e1d80e79555,97c87712-645a-43fe-81cf-032986192d76,sjokoladekake
310530247,61986390,01816694147,4556509,61751953,cb2029d6-a210-468e-9710-58af1fc64a35,c7ebb696-b65c-4b6c-ba0b-db22f0256a30,fot
310530328,61986413,23876997207,4537621,61752498,27b8ffc8-7e53-4437-baff-f8784b0a4b2b,e84da7de-ae2b-4337-a0cd-b792de3bb9cb,budeie
310530441,61986442,02885797922,4544212,61986457,5d1b72e0-0a31-4842-ae3f-93beaf2cedec,b4ca4ebb-5922-4e38-ab0a-68ca88b00179,basilikum
310530581,61986487,28876697744,4558766,61986494,ba7e7981-0345-46aa-b048-43a35074a992,4e94ba4e-3661-4a75-b696-e828f7cf3814,garasje
310530603,61986488,01878097528,4552547,61986495,fc975171-5842-4034-8c07-88bb1ad965ab,e2ead661-8e95-4ea0-8d37-3c678696c905,gluten
310530638,61986498,08876797713,4555940,61986504,fb4457c0-61aa-4663-85a6-5c9bb27bbd13,befe8721-d3b7-44e7-b372-d9b41491bc3c,badmintonbane
310530786,61986529,02826797587,4545177,61986542,166e7b70-ca99-48c9-8ba1-30905f5253d9,9c406c13-8ac4-46d0-9f6b-0373a4f1c673,jordskorpe
310530794,61986534,20904099385,4556012,61986549,f0cc2112-8f40-49e5-9610-a01cb0e09077,f3f58a23-a9ca-4912-9ed3-58d363fcf513,abonnement
310530875,61986571,02857197650,4564704,61986574,18f6440f-00b6-4aa3-acd8-25fd9d265eec,76fffa72-8638-49e9-b25f-26f867ecffbd,røyskatt
310530883,61986572,11915699881,4555757,61986576,133a63ef-baf9-4be8-b893-c9cf7980c676,b2eb2180-e35f-46ea-b3f8-8507aec625e6,fusjon
310530913,61986577,11839798549,4528736,61986582,724bfaf1-720c-449c-b0a6-aab1363504da,57ebbdc7-fbec-413a-b107-82f648a6050c,malm
310530999,61986592,01875699802,4566117,61794734,549e2a7c-7596-4ed3-845f-f95d014d6218,20033169-df77-404d-aa52-b2ee2b5fdd9e,stund
310531006,61986591,21869499916,4557774,61986596,e04e2c5f-572a-408a-8360-aafc539199dc,c2c774cc-f16b-4908-94c7-a55c4f446fa9,akselerator
310531219,61824716,14887999709,4537967,61986653,0e07380a-f540-49e3-99c3-247412741522,78255078-7388-44e3-a1db-bb9d485f6eac,klaustrofobi
310531243,61986655,18866999070,4568046,61986660,1c137d2f-33f9-47b1-a962-fc73a767ef5e,444f155e-4a23-4e59-98fb-451236b90c73,ramme
310531316,61986676,13919598705,4568569,61986681,ba9ebd8f-196c-49ed-a077-7ebbd32f68e0,380c006e-4cca-427b-a18b-00241fec0e40,postkasse
310531375,61986693,16885599838,4550074,61986697,f886c52c-c266-478e-816c-e7fbce258db1,09e3667b-0348-4e04-a38a-d3d2812004c7,arm
310531529,61986737,14915899154,4535648,61986743,51a8ae2a-3875-45d5-806f-440da6b895ea,fe28f4bf-5fc1-41bc-94e6-0100eea92173,premie
310531669,61986771,29855099347,4550754,61986780,57b7ef14-2f78-4121-9ee4-e3ae006c4694,149ea204-4200-48f2-bed1-4cf48868a5ee,helikopter
310531685,61986781,09886398724,4525579,61986784,295d2ef6-3a5a-4e4e-941c-84757bbb54c9,78dffcab-2281-4734-96a0-25f345228e2a,halvmeter
310531693,61986782,07907699972,4563090,61953451,404d8511-2108-4513-b601-887068164dc7,11cf4106-647f-4230-a364-216ce8e1acb3,klage
310531782,61986806,03886297733,4541304,61986814,79e5c7ca-006b-456b-89fc-519a055bdf56,eacafc30-b9b6-49c7-89fe-07f8c61b0268,delegasjon
310531928,61986841,08816698384,4548749,61986853,46aad988-95b4-4bc4-90a6-15e82750902e,4034e8af-d1c1-4434-af89-44a0b741cfab,ambassadesekretær
310531944,61986852,02859497902,4569638,61986858,60eb5883-3a84-4050-ad22-a7c3c06ccb81,53101801-02e6-422b-9a9e-ed8fe8755e63,motordel
310532029,61986881,23907097285,4545809,61941910,bb5b9fa3-43f6-444d-8d9b-31f45548954e,f42321d2-5534-4ce2-acc2-350cfe147996,handlekraft
310532053,61986885,10818099288,4526420,61986891,389f0eef-788e-40d4-a4ed-82685a8c15d1,174dc643-6bfb-4922-978e-80dc9d0f40a6,bas
310532142,61986909,10845597338,4560016,61986917,4419bc46-a5f1-4e4e-918e-a134231b82db,48c3ff98-6c45-40a3-9801-e834d97fd75f,bøk
310532169,61986916,11875599781,4544647,61986922,862dec89-471e-4f3d-ba20-408bfe9941c4,b5a7a641-8126-4c30-894b-991e820c6689,juleferie
310532223,61986938,27905697795,4543857,61986942,c043c279-cf20-49f3-a194-fd3cb1e57d10,7f2632fa-e0d3-4394-b9c4-6b4a1f6285ed,ape
310532258,61986944,28856397973,4568840,61986947,27dbef08-e7dd-42ab-9b23-b4fd63843120,dbb0f663-235a-4c61-a94c-c8774efee83b,systrending
310532347,61986961,09929298796,4559324,61986965,0c9087df-208f-4bee-adfb-3ec1a492e5b3,81df919b-346c-4be3-865b-093aad262538,form
310532622,61987020,08817297545,4505711,61987025,a68e6838-cc29-4735-b494-a9ebf644a3ad,1d3d644c-3846-4e27-9f1f-01440f77872a,gallium
310532991,61987105,07873048705,4561984,61987110,cdf4d275-1d63-43f4-b0e2-d5ed3070a009,9a5fd9c4-8e43-4c9c-96b8-fb165dfdcb95,senat
310533009,61987108,28846397711,4566079,61987115,549a9d02-bf97-4646-b7cc-eb3586afc823,701bf620-26ba-44b3-b647-23b03e9d593d,teleskopord
310533025,61987113,16857399106,4536952,61954276,828888d4-0eef-42c0-90ea-ef2dbc175c5d,3e16b27b-5566-4fb6-a9b7-41d45bdcec09,søndag
310533041,61987120,08915596372,4562803,61881954,1cebaa6d-d8b0-4bf4-87be-6fc3a7ad1d21,0cf2c43d-6fdb-4091-9045-ca6e6817c511,infeksjon
310533106,61987130,24827196998,4502478,61987135,bdd536f0-c0fb-4066-92b7-110e8f87b072,5058e048-9e05-4680-9b73-989a675c78af,mamma
310533238,61987157,27867299861,4558768,61987168,b2da9595-53fc-494d-a170-019dceaf0e45,8c3b8764-02a0-457f-81a7-5397ea58e601,bakterie
310533327,61987180,25905099399,4552787,61987184,92051b27-7b2e-4d69-9284-6f5211eeaeb7,fc9ccbcb-079a-4c1b-82e5-c0f5ddd632ba,struts
310533343,61987186,12845198711,4537915,61935137,50ed9d5e-a935-423c-b62c-4b8dcdddf5f0,4ef190a5-91a6-487a-a887-e11f6c97a583,stasjonsvogn
310533424,61987197,20826799138,4504842,61987201,c14a9cab-91cc-4277-a43a-9fbd1aba249e,d602fd54-40ab-4237-80bb-9e60e10ee80b,sild
310533475,61987209,25867099770,4570253,61928299,c66461bc-95fb-4d5e-b423-942ae69ae59f,64c72ee0-97a0-42a2-a896-49dc0204922e,rist
310533483,61987215,23922648786,4562388,61987222,aaeafc11-ca8c-4f6f-8c35-2a34913d2a4d,ffd90a0f-1933-4511-b97d-274d7aa82279,hei
310533505,61987217,05906299145,4562387,61987225,6f4dea27-88ff-46bb-afe1-3a5720cfe7e1,b0e97c73-1d2e-4dc7-b709-a011d3ea0517,kontroll
310533521,61987224,09814999103,4552823,61987228,7f5f6263-5bfd-4f22-9a32-85266a35bdd7,0aa29815-91ca-46d8-b7f9-ef13769d6937,plassering
310533564,61987233,25925297138,4504883,61987239,48839ed1-daf4-44a2-a4a5-8ebdb28df9ff,8035b491-621c-4eaa-8c21-7cabbfd61297,loddsnor
310533637,61987253,17850648727,4547163,61987258,cbe1669f-b25c-4d8d-a047-da36306e0834,b388040b-0139-4d36-bad3-f325c0dae1fb,bevegelse
310533645,61987256,03915799395,4502209,61987261,5bc3b87d-f56c-44f8-ac7f-13775012ee9c,f41f768b-06a0-404e-a163-92c4494ced3c,veterinær
310533734,61987281,25919495424,4553500,61987288,669c4842-7490-4dfe-a594-16eba85100ce,37dd890c-d684-48e3-83d2-3abd4b949373,talltegn
310533769,61987285,15866398345,4504429,61987290,5c3a4209-0d9a-447d-8329-b4e3b1b2b5fb,9f1312c9-60db-4e65-aebc-3dc1191ecf28,ovn
310533866,61987311,28879198951,4554887,61987317,f56f8b8e-c1d3-4a9c-b710-f5aec7057b6a,b35d24ba-31e1-449b-bed3-a6a705acbdea,bagasje
310533939,61987325,14868196743,4535005,61987338,ae6f0592-9337-4621-898c-2acdb7d5a9db,45cad4ea-41c5-4d63-b92b-3f7f90333581,alkove
310533963,61987340,16869899570,4561118,61987346,1df7e1df-9a65-4255-8745-6ec45a4f5917,01f6efea-ab16-46b5-b9dd-77594b3c62d1,eng
310534064,61987361,01916499988,4552184,61987363,12a3bead-5853-408d-bacf-e80a3101ace2,2a511045-23cc-4f5a-9969-5254a49c3431,halvsøsken
310534129,61987385,07927298761,4567712,61987390,7f053ff3-75c3-403f-aa16-f23c08144c36,fab82d1d-bd3d-4923-b106-6d4348376b9e,kråke
310534250,61987417,27926296189,4563258,61987421,29e50e57-05a3-497d-a5a5-e539767062d2,5765d1ed-fe52-4de1-a0f0-4db12c50120a,kantarell
310534544,61987494,12886799770,4504978,61987503,41da4a05-8b57-49a3-88e7-c22da89a2601,6990917f-4519-4007-9b7b-8519b6d5ce57,fakkel
310534684,61987523,02896295783,4543775,61782794,06071a75-332b-46f3-9113-84bb482ed739,cb14e78e-fb1a-46d2-9f51-5416be14b390,lommebok
310534722,61987535,30926796948,4539962,61987542,0696834d-a9b2-4e97-a460-df73a08fc187,37316bb2-fbce-4b5f-aeb6-f4d1e46f3aaa,spenne
310534749,61987537,01894597328,4540056,61987544,c8804dda-0ffb-490f-9b12-2c6a1c91c64d,5253641d-8b9d-4ef2-b1a0-19436684fd5c,seilbåt
310534838,61832444,26834397969,4538465,61948724,0bda4da9-5bd9-4514-8fc1-16ace5d4a1bb,b873f11f-16a4-4cf0-ae95-d195c6c07b76,retorikk
310534935,61987582,26836997335,4541578,61987592,b0ebdc6f-997d-495c-b1bd-ec4fee393f59,ba7364b4-7cf5-4b71-9ff0-dfebdae98d6c,forkledning
310535095,61987622,11836399112,4551089,61987630,3fec29a7-3c3a-4322-a1ba-28269f440b09,39f45745-ad8d-4487-92ce-21e31307d60e,kunst
310535184,61987650,30917097077,4501980,61987654,fded5ecb-57f1-43cf-85e2-1003779736d9,8e749c4f-3afb-4eee-a6e6-c64ffeddcb0f,frisyre
310535230,61754147,18897198742,4561307,61804772,9c751de8-dddc-49be-9ba7-bb1899e03214,4ad5f9b9-d8b9-479d-8791-f63298e1a0ac,baby
310535257,61987663,25816299139,4537072,61987667,60614288-7448-4d28-ac3f-a6c41c4f4d72,4704c55e-eb1e-4a54-8354-7fcbc6af485e,dessert
310535435,61987691,22856099745,4503769,61987706,b11cff45-446e-437c-8471-111d75b4734c,f2fd8eda-5db0-488d-8597-a5984fc02a1f,hybelkanin
310535575,61987729,06926996558,4547731,61987734,ee98eb3f-decd-4183-a827-c9c4ff5a1444,539f587b-7fdb-48f0-b8a0-cffd03657144,gallauniform
310535656,61829882,26900397762,4564038,61987761,aba8d8b0-72cd-4415-a53a-aaf22799959f,a6663a43-5e54-47ef-aa01-7df095dc0e6e,hjelpelinje
310535664,61987752,16917597972,4543989,61987764,20c8b393-bba3-47a9-bcec-408dd1e1c4dc,cd7454dd-13b8-48f4-a82b-2fcc4e8dc0bf,frukt
310535796,61987797,03903148798,4538532,61987800,559337e3-2568-417f-97c7-6d92a97103e1,07e38fa5-1894-492a-a5a5-782a14f51ee9,frakk
310535826,61837882,24815497798,4538672,61987804,e95bffa3-fc97-4176-a925-dbfecf0af025,5a708923-00c6-44ce-94f2-8fbd6ffb250d,våghals
310535966,61987846,26812949763,4553685,61987851,db71ccd5-552d-4d38-b149-b648b9c23559,e9ab16b1-2e2f-4f0b-9d68-60e26033c170,original
310536032,61987865,13856099118,4532901,61814526,9dc250c0-b9c2-41b0-8ec7-fe640e369f9d,ae415e87-0c1a-458e-b9ed-41eb1e2c7f06,brille
310536040,61987864,30864998522,4536358,61987869,a3444ac9-dd01-4241-adb5-c8e7e3e06852,6302b1f8-862e-45ee-93d7-0c56c3eefecb,buksesele
310536083,61987873,01897698389,4556031,61987880,83fd20f3-ebed-4e89-9c84-efba75aa2f5d,d4a27e24-b963-4b86-a71d-58f1590854a5,glede
310536210,61987914,14876999952,4535141,61987918,cea2ed23-34c4-4df7-8a15-f33930f35883,a02d4b62-5f09-4f52-93f9-fc130d36ccff,kvinne
310536601,61988011,30819299532,4501702,61805551,35d83b44-081a-4625-a954-53326f8bc615,eb7b6c7e-dc78-41e1-8c69-48fb1644dc71,pamp
310536628,61988012,04854198357,4550896,61988016,6f659dc8-95be-4d16-9968-3d7c57e95e20,ced1870c-5eae-4703-b174-2c7928ffd595,gate
310536687,61988027,21916899308,4568146,61721306,7d956d93-596a-400a-852e-b7003d91d2b5,9bc64c32-111d-45e6-8689-8be4d299e30a,fjes
310536776,61988041,11819099407,4528362,61988049,dfcf92e5-9e13-43d4-890b-3857796df03a,231dab98-c71e-4f08-8f79-641f3c15e106,flette
310536881,61988080,07814099762,4520288,61988085,43cb38d5-0455-4cb8-919c-74fe79757786,70803144-2174-4e44-b67b-b8fb244f11e0,befolkning
310536989,61988105,27876798196,4559124,61988114,3cf867ec-4d6a-4e44-bab2-bc5a0aed79ec,c86a0974-42c2-42ba-8000-05b2b950b2b7,jubilant
310537020,61988118,22866995781,4557771,61988124,1426d775-3480-4153-aff1-f932ab7fa5ac,62c8798f-1e92-4419-bba6-c54953320c45,palmeolje
310537047,61988121,02837899950,4546616,61988127,4547789a-ff82-4265-bfed-c1290001e271,db343427-660b-4670-bb55-f23698418d69,kålrabi
310537071,61988129,12865999109,4548629,61953312,053336fb-f98b-43f2-b0ff-382a5a876af6,05d58ba7-f52e-4038-a218-f71ee55816ba,kjæreste
310537128,61988133,09926098931,4559013,61928493,67cfb38a-8e17-4a93-81f2-65a422884907,264a946d-6bbe-48a4-b80c-a0ad6e573229,statist
310537144,61988141,12836499172,4530616,61988145,c44cd416-5b25-4f46-a91f-bcef915b55f5,3481b8fc-5602-409d-b050-2b9dc1ccbf59,matboks
310537209,61988159,13869199103,4555051,61988166,6e71e713-455c-43d6-b56c-8fdd1b6f05b3,438112ee-1829-44d7-99a5-89ceff4bcd57,hørsel
310537241,61988175,01899999777,4509909,61988178,7969f123-092f-4183-b5ef-896cf8c6ad90,cee8c9b0-5533-49b1-94c8-641e2b7169b0,gluten
310537276,61988176,06849999298,4519003,61988186,c8fac88e-881a-4a19-8654-d59afabd2848,d23905e6-b7b1-40fa-b22e-4f9b194e1e53,reserve
310537314,61988198,04827296371,4539916,61988202,5ce85898-4713-4c23-b474-22aded354183,f0257ea3-e7fb-4809-8bc8-e5645cfcd557,kontakt
310537373,61988216,03898197769,4565118,61817089,2697c4cc-1fda-400b-88de-3b742b1385cf,dc40c5b0-535e-4309-9877-de335c9c65da,fabrikkpipe
310537454,61988230,56857600431,4552816,61988234,6f8e2d4a-d07c-415b-9c43-4d8f38aeca1a,d1c3c3ad-cfc6-4212-bd9e-90ca04f117ac,svamp
310537470,61742502,11867497716,4529161,61988238,30b28d73-d08f-493b-ba01-acfe85667da2,b16d6412-6de3-4aec-9a90-87e95429341e,time
310537519,61988241,20866597589,4555857,61988246,7e5508fc-260a-4296-b299-2ba3e0b031de,07c4564f-3cc6-43b9-b525-f5c4c893c032,analyse
310537586,61988254,02894899592,4543628,61771729,8a83aec5-4fe7-49c8-a8c2-05080644d4ee,7a45def9-0261-4f8c-a11a-4ead61649a9a,port
310537616,61988257,09907598389,4501774,61988261,85504a55-b89c-44ee-b4cb-c63615046221,7593a91f-59ff-4fa5-ab70-4692e27d0fbe,periode
310537624,61988264,10827898827,4542220,61988269,254c412e-2f24-48e7-a826-c33c84f6a673,0ff4ae51-6ad4-4a08-bf62-ed6ebdd5809d,søndag
310537691,61988277,31905999977,4504511,61705279,0864f6d9-f89f-4a8c-8268-f6a44cadd245,624971cc-2639-4541-b911-549bfbebbb11,veranda
310537829,61988323,26894999763,4554027,61988326,45affd00-8a2f-46b5-a178-e16d3cabe488,aa4b692b-7004-4dad-ac7d-1a453c17cf3e,ridebukse
310538108,61988383,10857596914,4563472,61988386,42cdd90e-6894-4ff4-973c-662bdb20b6be,a5301800-ae60-4b7e-a446-1948bfcec73f,parasoll
310538132,61988390,19827199373,4552586,61749420,b1016d79-3b78-48c3-8ea9-833fe096be55,f42ffb32-8641-4b4e-958e-0b87c33b3b4c,kontakt
310538159,61988396,01845696795,4539080,61772725,6526b6ef-409a-434d-8be1-ef34f456cc67,7d49507c-e45a-4505-84e8-4df5607249be,fotosyntese
310538248,61745845,02924297231,4512254,61988426,578ac66f-e7a5-4e79-935b-fdc808e30723,03cbefb8-dfef-477f-854c-a3df25ee5c1d,nettverkskabel
310538345,61988472,10895097484,4553300,61988480,dbbb50fb-d308-4392-a100-648db2c59e7c,86a5b677-4a71-43a7-8d33-75d5a1c36134,granskning
310538507,61988511,07926597145,4545516,61988516,3a852966-2797-4bd6-b0ea-a1e45b493122,649cee48-b4f1-49d2-ab51-fa6d8cd8c6d6,skorpion
310538523,61988514,06896699553,4537002,61988518,c07b2009-3fdd-45fe-94ec-5d017c1c5d5e,1264d2ba-0a10-4e43-b0a3-b126ae85be86,sild
310538590,61988533,14926596749,4535833,61988536,cf8d852e-9ef1-47ca-8492-ef2332f54f56,a717b338-9eb5-4bcd-8bc6-f67784a7eee6,helikopter
310538612,61988535,05905096976,4544101,61988542,f326ce11-17aa-4c47-aa15-7ca242e20446,c4464a71-ae7b-4797-a2d9-a5d1f4ef18f9,bankboks
310538620,61988537,16886498385,4545625,61988551,e46fd49b-ef5f-432f-99e2-1d6fd963733e,42aeb0f4-7fec-4697-9daf-7f72f0221c70,tournure
310538655,61988555,19916199727,4556186,61988558,c4d8e1ac-93af-4c8e-83eb-d859c1619640,3987c70f-4870-437e-893c-a12ace573468,anatomi
310538663,61988557,14824999350,4534186,61988564,32f26327-3ee4-448d-ba98-a0f8dd22286e,29dfb642-151c-496f-9323-a38835e3b863,fiskekrok
310538671,61988560,07895699130,4537872,61988569,108ec4b1-7e1f-474a-af05-d7c793e244e3,ff644688-5376-47fa-8478-9260511c6d85,overskrift
310538760,61826342,23906498952,4503768,61988580,ab12fc39-681b-44ec-8f97-476f140eb298,d2423bb3-b996-42c9-9a69-69de73127722,honning
310538876,61988603,01867198152,4509352,61988607,fb1adbfe-8af2-463d-b5e1-681dd3364692,a625288d-b2eb-46a6-8552-f981457f361a,politibil
310538981,61988630,10847397786,4526919,61988634,dc040d61-bfd7-41b9-9f52-3999c13a5504,68fd84c1-7d6b-4db8-9436-e566063eb140,fred
310539325,61988697,21866099372,4542900,61988706,16dff434-2d93-458a-b5fd-0b94c5351bcc,5ada2697-2b0a-4433-9bc1-71d55730d95d,rynke
310539376,61988714,09867798908,4553810,61737920,412ed5f8-348b-4b16-b6d1-e9df044f71cd,a6e77bfa-7de9-4838-b25b-967180b487da,pamp
310539414,61988724,01814799774,4508436,61988728,e7b47932-f5a5-4c72-9eb6-c4c9c950d6cb,ff6d8e5c-6ef9-46e8-9395-67b0dc4fcf0c,lerke
310539465,61988743,12895899753,4560867,61988748,41445f42-aa69-4e37-907d-642665da2c97,5b13ec82-6052-478c-aecf-f5c3b3bba557,muffins
310539481,61988745,21836997198,4563283,61988751,5d5e3d03-b4fa-4fdf-9ebd-7b1153cebe83,8420cc7c-7016-46d4-aebb-f9b69e372abd,slektning
310539635,61988779,20908699727,4545117,61988789,15a4e645-c0b5-4e69-be34-91a25ac9709e,217f5f29-a062-471b-a050-61e5d540e318,treff
310539880,61836377,21816996667,4557671,61988857,1cb997e3-f367-4b36-bff0-21509990737a,1f804f64-8a8a-4569-a7eb-96d6486af3a0,breiflabb
310539988,61988873,01845799691,4506192,61988880,64d26565-2d36-4b59-8426-568050720406,91c68be0-9c64-427e-b604-7d6de260890d,ekspeditør
310539996,61988878,06846597571,4555259,61850586,4378b9eb-2657-4012-80d1-8dd96aa92eb9,2f5a2343-12c8-40cd-b388-73a01dd3c0ba,dagsmarsj
310540110,61744687,09885498717,4551490,61988917,be894939-b591-439b-9c5e-71ead5e4a597,fc82cb54-3bca-439b-8bff-87495af0d733,skål
310540145,61988920,12847796772,4559049,61988924,dea79bbb-e186-40a6-a5d5-ba6350eb7e4f,4b2e25f9-f9c9-4afb-83ff-73d8958b9d6f,sykkel
310540250,61988949,01848497602,4509078,61988954,151197cb-2aab-4ca9-9b92-2276ccc6d8fc,53696b6e-7755-46cf-9f08-90b077cab9a9,omelett
310540293,61988959,08814699979,4522248,61988962,b08f4fd4-7185-4c1f-9b88-d533b1a7f192,d8e16045-6885-417e-8727-7b9bfd2679f8,badering
310540463,61989003,16835597958,4568830,61989013,c6df142f-3bdd-4127-b3b1-04f7d9bfd926,54ede25e-ec60-4052-80a1-81a0acb8be7c,tiur
310540544,61989025,17865898975,4539230,61989032,6dee7ee4-95ca-4884-af6a-7b9410e7e0cf,c39bb93a-db99-425c-aef0-b107e8ee0e8e,bank
310540552,61989027,13923948796,4547717,61989033,24a12439-470c-4559-94e6-6afd9f457509,64455a13-8162-4e32-9733-5f41f709226a,dal
310540595,61989046,16897698920,4543283,61989049,a2aac876-5847-4d8a-9f68-65657067ab2e,04bbc973-1e26-4944-9058-2e3703310a7d,nøkkel
310540625,61989050,10814699604,4539470,61989053,c6b71d12-83d5-4163-831e-065dec7fcba1,903f62e9-b13e-468f-bd4f-145f8daf1fda,fille
310540811,61989092,17826197285,4563383,61989100,ebd74094-938e-4f59-a134-2a15952164c7,28b20603-8a7b-4b2e-9845-a03045c16a5e,due
310540870,61989105,29926197515,4569531,61989111,88077ea4-6c17-4174-b479-02faefb44a24,abc98b05-c108-434f-b899-ad4dc3d58a72,ambisjon
310540943,61989135,02866299482,4565283,61989142,9e692824-4852-46ee-86f2-4ad53cd91a64,6f01a54d-c3ef-4d62-9ad5-ceadae471bf8,syre
310540951,61989139,11924898749,4530050,61989144,b5460020-6cd7-42bd-8fd6-c9d3ef252b47,a03ad9e2-3026-42e4-b8d7-8ba54b800de0,skytte
310541044,61989153,15839399739,4555084,61813401,a7762959-c3b8-4504-9668-5b5104ac2df1,4d320746-0068-429a-b277-d88f94cd2862,fattigmann
310541257,61989210,30917697759,4542101,61761847,cd7405d4-2714-46c7-aef5-5542d5582311,7872d432-8926-4071-a184-528549fd1d3e,gås
310541281,61989214,27888799864,4502653,61989217,8358575c-edc2-470b-9755-09001b3e8675,8fff6f06-0a2e-4759-af75-cd3aac15bbd8,karosseri
310541338,61989226,24814699117,4565860,61989231,862c4671-ad3e-4340-b1f4-21906d58781d,9fa73dcc-cca7-4b5c-9c64-d114eb828e5a,plomme
310541346,61989220,23887096716,4544847,61989229,8990c2c9-8f09-4abb-98c9-7b00323fdb5d,9436425c-e862-4367-a36b-ae8bff2cc88a,bot
310541435,61989249,14897297338,4558041,61989252,ff728311-67f1-41ac-8232-12d16d6b345f,fd73a16d-2354-4412-a3da-d92af52c0114,hingst
310541494,61989265,14908898355,4535584,61989270,1f4c93f4-5b42-480d-b24e-0096707bfc2c,6a563343-ca92-403c-a935-b86e437ab199,bekk
310541613,61748040,27875297541,4505024,61989302,b0c69117-b512-49f5-8830-3acf1aef61ec,8691cf44-7855-4385-b912-618aecdd965b,såpe
310541745,61989324,10875597146,4562543,61895143,ec51b0eb-9a87-413a-b07f-5d22d0932114,07989440-e22a-4b0a-a79e-965dc91f8955,elev
310541818,61989332,20907298346,4555784,61989336,f98cfad4-99f1-4f34-a56f-0f760ddd8f6b,63599c95-b300-4ec4-80bd-1e252ec8db13,bytte
310541974,61989389,08836697309,4549185,61989391,88df63a7-e91e-4d9a-84de-17a7bffe8689,64912ba3-809a-4525-91de-e0e116ba2819,abakus
310542067,61989417,11818098504,4501940,61989421,1a53684e-6bbe-4b82-a096-a2f1c62e33c8,77ba14f5-2f90-47ca-b1aa-eb8400ec062a,gress
310542091,61989420,14906197740,4536520,61989424,7e37a6e4-5951-41b9-8412-74985147217a,faf713fc-f0c9-47ac-8960-1f08fe0565f6,nettadresse
310542113,61989427,09876698363,4557843,61989432,2f870723-63fa-48c5-895a-5283910bb413,965bff15-9085-4da5-8784-2ad2aca46146,frue
310542210,61989448,05924199581,4518150,61989455,9fe3bf7f-e83a-40b3-b463-a56dd1781a7b,fde25a77-37ed-4583-a22d-653f907fe1a3,vaktel
310542261,61989465,14855198941,4534725,61989474,6e45377e-bb43-42a9-b883-12f0ef88fe3c,8b1b21f4-5839-4256-a707-e378faa8fb12,lyte
310542393,61841471,22925896938,4504252,61923433,956fb344-5a8a-4220-9875-3e673b4d821c,290f4e2c-ca02-429e-8ad4-1ec8950810ca,kost
310542636,61989548,04825799104,4557416,61989556,b9158947-465a-41f9-a728-0e1066f6595c,c6c8528e-39c5-4c08-8a9c-f16afd20cccc,fastlegeordning
310542644,61989555,06826695925,4570425,61989561,a2feb17e-ee49-4543-9d74-2d4f95856c64,04f1c713-23ff-4c1a-a214-7f636a24694f,gang
310542717,61989570,04855198970,4515055,61989574,dbda2db7-e8ee-45f3-b461-8ef42062c0b9,8f735022-5a18-4539-8c90-c285983be19d,ingrediens
310542733,61989578,04826598730,4514571,61989583,c1e1b73f-a947-4dec-87cf-83b896bd2f40,0785cdb0-1285-4035-9125-2ebdea068b80,bikkje
310542857,61780838,18818598986,4541276,61989608,f93bb9a1-bde9-4587-ae75-66060b5e1046,09d387c2-9703-4e38-bee2-b496c00fb858,tusj
310542954,61989618,26927195606,4559075,61989628,cde722c9-fe56-4ae4-a026-af10255cd1dd,1568ca43-f82d-4535-bb0e-6d2d393ed889,elefant
310543144,61989675,03925598983,4555400,61989683,73e748d9-fe96-4e4a-b689-1ed7d19ae567,bd84ccb5-c842-46d0-96d1-fd77c189a498,pyjamasbukse
310543179,61989686,30898698986,4536800,61811711,d3d5b9d0-a8a0-4bad-9e7a-3fd23462c24c,3fbed7cf-3fdd-4aec-9d5e-9c3ee434baff,dessert
310543187,61989687,04867598486,4545303,61989690,e67fe2b1-4dfc-4a05-8ad5-8cb396d4a9d5,1c9dbb13-5a9f-4cf1-8188-40c382c25590,retningslinje
310543241,61989700,12896996574,4542765,61736145,86336ce8-314e-42b0-8620-3daa4c698de9,a4bb14a4-8f14-4873-84e5-aa18ccfb0cc5,trapp
310543373,61989729,22905398702,4539350,61931085,6121fdbb-afc3-4153-9983-862371f89d37,55b18d7f-1906-4025-8a9f-0cadc529fe2c,fjes
310543470,61989757,24847099166,4549103,61797000,f7e37239-cb9c-4097-90b5-f50f4693a857,ae25d6c3-51c3-4d0c-a09b-a2a893711b59,pyramide
310543535,61989774,07888897903,4521530,61989777,2e7d1c97-118e-4d16-84f5-e91afb8ff60e,f173b7e2-dc34-4c1c-aaad-540ccf8857b0,bakgrunnslitteratur
310543721,61989810,17855598760,4564666,61989814,0beeb9ff-b5b2-428e-ba8a-71cb3854f307,5d91236a-3e94-4f10-97e4-7af4e5ef66d7,kontroll
310543748,61989813,10815199133,4571059,61989820,1d15e3a0-1232-466c-86c8-ff4c86e29e02,945c5ed7-6f74-4f67-bbb6-a1cd49af2717,fakkel
310543799,61989830,17890097901,4549062,61989835,607b6439-e36b-45c4-a39d-eb2450ef2f10,e4762403-a91e-44d7-afc4-f8e7a485cefe,forkledning
310543802,61989831,03857899708,4536964,61989837,a1e946bf-54a9-4d1b-9a75-54a2dd56258a,ccae4a54-06a1-4200-b631-b8cff38dbd33,grend
310543861,61989843,13877499361,4533285,61989855,130b8eee-4844-4c9a-aeac-c8154fbbc58b,d2e78695-2185-4169-92b8-2213d50eed2d,dagsorden
310544426,61989986,13836397937,4532561,61989992,32e099ae-0768-4d87-9d2e-cb60fd877352,ec1b8c1f-acdf-4c1f-98b4-33eb41144d9e,skade
310544620,61990042,10904598424,4505245,61990045,045a78a1-1b1d-47d0-8620-67e34bd83319,b8f27741-898f-4c76-b8ea-773b1d87568f,bille
310544779,61990086,09858299230,4503512,61990092,daad0c35-3d65-471c-b0dc-81e33bd8bb51,8f406f0b-182e-4962-943c-20bfe38349a0,motvind
310544817,61990104,11927497532,4566698,61867685,fe363b78-6ed8-4d87-b6f3-0289e755e23c,8758d114-6a17-40fa-a4f6-4066368402cf,restaurant
310544914,61826245,15915997799,4554313,61990135,c9d16bfc-69af-4849-be4e-250d90fd750a,48e2ff78-c31c-4c07-8287-4e9d93dc2b80,dirk
310544922,61990134,21895296128,4547992,61990140,2f854ea0-fdff-4b1a-97b4-00e4525be95f,acf74318-e7b5-4f60-b84a-9f829d7b28db,busstopp
310545023,61990168,22819098976,4561824,61760028,a2d5affc-1c94-47cf-9b61-112e4d5195b8,c79b86ca-e7eb-42e4-b74d-23617e00394a,bajas
310545082,61990176,17847199970,4559170,61990182,2aa241c9-b6d2-4346-89c2-b3e6d08aae53,d83154e0-db06-4b2b-b50b-57b6241aeb6a,sild
310545104,61990180,08886796839,4547269,61990185,cf42eb2a-43ec-43cd-8696-c4c835bb38d7,5e8aeaa5-670e-41b7-820b-f98909c38946,servise
310545147,61990190,02816699668,4552157,61990198,3b98ee09-dee6-4410-8934-dbbc5d36d769,783ef23f-ebea-45bb-b43d-624c117f7ecb,gåte
310545325,61990246,09867598119,4541060,61990253,59ddc070-d47b-4e1d-8b77-c5f12fcb8dce,275f2b28-cf07-421a-8209-1450c062baa1,mose
310545368,61990256,56897401172,4549659,61990262,1f6bed1f-b608-446e-bf13-b3e779db2c5b,0dab6341-d523-4fca-ac37-9801987b8606,mandag
310545473,61990289,22915599366,4547259,61794686,d12a62d9-df27-4d06-b3ee-1584d604c44d,73de33bf-6b07-427f-8bec-963aba19c7fe,saudabu
310545562,61990303,10928897171,4528187,61990311,3bacf89c-461e-41ec-b8ea-a49db5ed845c,cbe4108e-60d0-4148-8107-1daf3db57adc,frekvens
310545759,61990357,07896297346,4521636,61990360,f09f2501-9038-4f77-8c65-ce92ae48a300,5a7ee79e-f76a-4ec6-8696-abaa6a8de2fc,forelder
310545821,61990387,17909699738,4539980,61990390,16fed321-9861-448b-addb-72a969a7aa69,e2e0464e-cb47-4c4e-800d-e1343c042b8c,påpakning
310545988,61990426,41847700406,4548941,61990431,dff83b82-30ef-4e60-8f63-ee1ac612dfee,87bac10f-0c81-4ddb-95d0-3e4b7d319744,pizza
310546003,61990429,25836198576,4545430,61990435,2441e00e-22bc-44c2-9daa-dc368a75a043,90c90f13-88db-4dbb-96a2-a3fec79ef97c,faste
310546038,61990437,29819199653,4552571,61990443,0633660c-3cbe-48b7-bc92-92cb5d165569,84673d00-771f-4cfb-892c-3fb3be794994,presse
310546216,61990489,01855698281,4570135,61990494,942c64a5-7e06-4938-a75e-a9ce14d5cc74,a76e6d56-4aed-4928-b0a8-f02a7c1b6025,skrivemaskin
310546232,61990491,12887397129,4548132,61990499,510eedfa-9264-424c-bb43-42194e1054e8,8cd81cf5-49db-4a34-9d7b-7e9e0c0b81bb,administrasjonsbygning
310546259,61990501,03896397310,4505924,61976235,5664015f-26dc-4be3-87f8-705c46be8cc2,c549de9f-a2b8-498d-9a47-0ca9de91edcf,supporter
310546364,61990523,29836799907,4564026,61990533,6b073b44-f43b-4f4e-94a4-d781861535e3,048d2020-38f0-4b8e-9006-ece888f3a70c,overstyring
310546488,61990559,31879399028,4560489,61990562,6239b312-399f-4dbf-a4dd-c2234c74175a,3531af08-0e74-4351-b7cb-39290e7a482d,akrobat
310546577,61990574,02877599453,4502761,61990580,950bfe62-4ff0-487f-a411-57b4ff98d5ad,ad807650-b815-4420-9945-e315c5833e86,rytme
310546798,61990632,11826898323,4537515,61990640,26485f9b-5dde-4356-93b1-4c5f7cdb5633,d0058006-accc-4e8d-9da8-66982e669250,bil
310546917,61990665,06858497173,4569586,61990668,6fb787a6-27e8-49b4-9e36-bb23385ac168,02068bb0-0234-4252-8c55-b59470c4c455,balsam
310546984,61990680,19907395432,4555163,61990695,fee1af6a-b2db-4ffd-ae1b-ba5ad5cdac09,e0e9964c-5d3e-4d41-80e0-cff41d41d8aa,vaskemaskin
310547018,61990693,12919897773,4531998,61990701,18973b92-0f64-4435-bdbb-a7ea4dc24953,6f63235c-c9ce-401f-b3e2-4ffe570f2975,hjelm
310547034,61990704,10898799072,4527715,61990707,3a297f73-4343-4caa-a4eb-3fa09fed3195,4c0c5379-3e64-415a-8986-96ee5caa32ca,inndeling
310547077,61990711,09835699320,4555178,61990716,c957a7dc-3cbb-46c3-99e5-501fd0ef4e2e,5bf151c3-99cd-4838-8941-fdf053c2f23c,fell
310547212,61990740,13867798107,4546599,61907077,953c2f98-e6d4-420e-87f1-cef1a8bf0ab4,3b4fa45e-0102-4a26-82d4-d625474b586c,konge
310547336,61990763,23868398566,4552376,61990766,2bd503f9-86a7-4b4f-a893-06a9d23267b9,a55b4e83-60ac-4e31-bd12-099629ea8f2c,episode
310547352,61990769,14839499710,4566989,61990773,c8ac01e0-58a3-4750-b855-28ad2cba1f48,0fd28289-5a08-401a-8e9a-8c72462335fa,abbor
310547387,61990772,04917599187,4563191,61920130,9f69f4c0-c863-4668-a906-56e1bad09884,54de6670-a945-4ec2-acbc-cabffd220750,tanke
310547395,61838034,25846299532,4543808,61990780,d2c6b6c1-3d68-44cf-8033-1376716e491d,9c136a90-af0a-4c1e-ad0d-28bae478f83a,telefonkatalog
310547441,61990788,13857497532,4538246,61990794,2c4f2f2f-9347-4d6e-a0b9-edb195d3f546,a6ccb72a-e49b-4f53-bccd-b08d27b74e7a,fartsretning
310547476,61990796,11854998953,4540688,61990801,0cc3c785-f176-4733-9459-fb9eb80cb068,1ded60e2-e017-4ac5-946a-513fd3730049,sydvest
310547557,61990811,12845596784,4501743,61797499,1ff4104a-a557-481b-a9a8-ff255bbb0a3f,2edbc235-4d42-4e6a-bdc6-cf0bf30b233e,ektemann
310547603,61990821,06887198541,4569536,61990825,aba90b02-109b-4da1-8058-6b50c0f85423,91e32dc1-3a13-4557-9e22-5b861d373707,fjes
310547654,61990829,14867097911,4546229,61990833,cf6720fd-cf3d-4f87-91ae-f0d9d53c53d3,61fca2d9-4992-401b-9848-6584e40a58b2,aktualitet
310547875,61990888,16916398968,4568966,61990893,7cbea4ea-da4f-462d-8a66-b9141dc0244f,53750f42-c3ee-46f8-98bd-52ee9abdff08,sure
310547883,61990890,10846898617,4526901,61899908,c81555c1-9dbd-4ef0-ab50-d14cad3e74cc,4b79c3b5-ea3e-424e-b0d9-2cf5f610728f,herbarium
310547956,61990918,06846696375,4562268,61990924,d0a70371-a563-40b5-90df-8d958624cdab,b97278e1-e519-4888-b131-d967b7d0d79d,bror
310548006,61990935,06876699735,4505490,61990940,5f1b5a4c-7565-42d4-9b52-c0f357ce5d8d,947ee5d1-43a5-4d61-98e8-c0e701727bdb,boble
310548170,61990969,03875799397,4562237,61845990,2f352cdc-f16b-4250-8d30-4da2cef4f025,2f54b9da-f702-4171-a5d8-f60b4f6bea64,flate
310548278,61990997,07837298460,4559591,61991001,d8509921-12fd-4682-8832-243d1be92c3d,1259f4f1-c9aa-4a12-8116-8186603ffe6a,klasse
310548308,61991003,31929897938,4551360,61991010,4a2d05e5-c434-4698-bfc0-f1863324157a,a121f48b-e573-48a2-a8a4-72077b01c86c,jorde
310548588,61991076,09847198246,4524915,61991083,8522a679-b948-462e-8a44-d08fa4d5be0c,83318c23-f7b3-4b56-8d6b-f3a71076cfe5,gallauniform
310548863,61991145,03856696358,4542825,61991150,cbc5dfa7-590f-4ead-a8d9-b6d5764b4803,603837db-1cb9-40ef-a521-65adc3bf3e25,unnselig
310548995,61991173,08857699913,4523027,61991178,ca42b218-3cdf-4924-8524-daead22785e9,811802ef-ee40-4eab-a4d1-96cc5146b59d,handel
310549096,61991195,11917099822,4504458,61991206,c3851fb1-157c-4352-a633-ceadfcc29514,7208cdd8-767a-4f03-8ad0-99b55fc9dcbb,grandis
310549193,61991224,14906299934,4553000,61991230,a35189c1-80bb-4c84-b674-900c356a3d88,4d5cfabf-6c0e-4920-ab95-c2e71c8964e0,veterinær
310549215,61991227,21924196944,4542102,61735912,f14fb1ef-b041-4d7e-82ca-2a90a19637b6,c8b10ffc-7662-4ce2-abb9-f20f5e61f991,bønne
310549274,61991237,15819699973,4548854,61937649,73b93c26-13b8-4bab-8203-d83535e25cb5,cc8cd2ff-ecb0-4c9a-8306-ee7abd9bc520,ert
310549436,61991269,23846999086,4549575,61991278,7d10b3d4-ecb3-48df-a1ef-f5bcf45d246d,61d42373-ce98-4463-adea-6e37ea84a31f,adventskalender
310549452,61991279,08916997915,4505667,61991284,330fa1e0-9184-459b-af15-2733c4c39a0a,663d2d95-9ce1-4bdc-92ef-422ee18d93aa,artikkel
310549592,61991309,02916394929,4546752,61722237,55c05572-4980-42f0-bc21-dd231361575e,e9777a50-c27a-40c9-893a-124384d774f4,fant
310549762,61991349,20816097372,4563344,61991355,f1226bae-c6ad-458e-b74a-5e6916e0cf58,b4294e9f-301f-4fbd-a9e4-0fdc76fdd003,gnist
310549827,61991364,01882749300,4559486,61991369,0c5ae9c4-3077-4eec-906f-b41ba461bffc,cb8c9441-c9ef-4a44-8212-364fe0077881,flyplass
310549894,61991380,22905799308,4558847,61991386,a54e09ef-975f-473d-a96d-f925c78d8bb5,f7207914-08cd-49cc-b557-e7bd11c639b9,logg
310549924,61991391,19835099558,4558186,61991397,a98350cd-2e21-46b4-8c87-ddfcb31c6a4c,7a0ea7ae-2efb-4d98-8166-a65a673285aa,tyr
310549940,61991393,19876198188,4555523,61975763,ad1e886b-8ff4-4fbf-a894-0fca8f5de478,862fddbc-d7c0-45cc-ac2a-2b45c94a5b9b,kryddermål
310549991,61991401,06855995768,4565370,61991405,c0e89539-063f-444e-b5c4-de12f15f5245,98605b70-0a1f-4394-941b-904a7f6284b3,lensmann
310550116,61991429,02907898388,4512036,61991436,8d58484b-64a8-4b8b-8602-a991c917eaee,64ce4da9-e03b-4a9a-8098-7651c154b4c1,skytte
310550175,61991441,29894098595,4546939,61991447,0a991764-1fc5-40a2-90b7-396934020ac2,49532771-6b9d-445d-ab75-9ed5ff30ce6e,badehette
310550213,61844455,20822945989,4557443,61991456,5514d751-5dc6-4cb4-8bde-c0a2f90ddf84,c9f93086-640f-44ad-a9ae-9668034103e1,handleliste
310550388,61991489,16889898767,4563406,61991496,57938bf1-1df2-48a6-81bc-fd24f9f86dfc,a557d6b8-a1c9-47bc-8703-42eab273b372,arkitektur
310550426,61821589,12877298920,4564703,61991503,754ef069-a467-488f-a4c7-a7d6dc4ac850,f983f209-b912-4e5e-bd92-33c708265709,æresmedlem
310550469,61991514,05897099456,4546961,61991518,598acc57-da72-4984-87a4-51c3413d455b,084e38aa-4834-45bd-b785-4d315ff91cfd,avokado
310550523,61991531,28826097355,4546972,61991540,608daa1d-2d02-4317-a2d9-4e435d8922d7,c87cf328-7e99-44a6-906c-cc8e004cfea3,andrefiolin
310550752,61835051,14834698170,4542958,61991593,518769bb-71b9-474b-979e-ac63177a1a3a,7da1e844-72c3-499f-9b3f-1318b18ff7b7,pausefisk
310551007,61991643,17836999495,4566296,61991647,6cb38091-176b-4e40-907d-71ba3753e3b0,137900eb-ae8a-49f8-b5a0-baac6d85d81a,flygefisk
310551090,61991665,08928393934,4567549,61991671,bfef586f-54cf-42df-9d76-c9f899534b9a,5e79628b-3ee7-4856-b72a-2c27e55903ff,hei
310551155,61991677,27874398328,4539831,61991686,d0cdb1f1-ac58-4ee3-99ae-406625aa075e,eb5229c1-4982-4377-aaa3-c7df17706907,overgang
310551295,61991712,06916297325,4561139,61955000,98720280-4f23-405f-9498-65c5e004c800,04cfabd4-ecda-4600-ae8c-d13ae89e0a17,opphoping
310551384,61991742,07916599832,4565692,61951048,c43f6b0d-7800-46a5-a6d8-c182a7c6f7de,506d440e-346d-49d2-a7cf-f1d903e80b34,revebjelle
310551473,61991766,14895699528,4546590,61991771,5d937fab-64cc-4d54-b84e-4d8d2ccca9f2,749f2285-f025-463b-ba10-13e57d75b105,nattergal
310551597,61991794,12869299861,4563717,61991802,dbc7e733-a515-43c1-8428-69f3dffd9149,6271b82e-68ca-4deb-a111-888b1b760ca2,antikvitet
310551724,61991826,10840098953,4566278,61991835,111f2100-fc54-486d-a75e-7720f6e0c2c0,ccb5aee0-e692-4b86-8575-64bec758f49b,drott
310551821,61991854,02866499767,4505892,61991860,36ff07f0-9789-40bd-8dd4-773b10ba4e7b,69cabeb3-c46c-48b6-ae59-450d1a523e82,forventning
310551899,61836803,05915799444,4549879,61715062,2ff4b387-79d4-4fbf-8bbb-3a13cf70e46d,6587985b-e78d-478c-818c-5cb116da5821,abbed
310551910,61991880,16866198776,4540692,61718879,6e2ad8b3-e4f7-4f89-801d-047b52a54ad0,b57642c1-c79d-4eb6-908a-6dc430181369,bursdag
310551937,61991894,08827098206,4522495,61991897,6f12b1a5-d419-44b0-b94e-543f63118d4e,69002732-c833-4793-97f8-a305d87ef810,æresdoktor
310551953,61991895,17889998393,4563638,61991898,7dd40e0d-9e81-4e2d-ad39-9c97590c54af,bc0f01ff-6917-43f6-9769-8bf556d94cee,adapter
310552046,61991912,22919499196,4548639,61991922,ca6c3664-b91d-4314-9a9b-a286a4e6dc22,d1c3a53d-47bb-4f00-b331-38af5af4321e,stamfar
310552070,61991925,23828399047,4567437,61991931,2c8b9272-e956-47ac-8f00-1d14e8a79a16,1cd35048-da94-4388-8630-51865be189bf,plante
310552208,61991948,21914598505,4558410,61710216,01d8c6ff-a526-4bf5-95b8-148028f46f4f,8480c2d7-1e8e-4df2-ab41-696cc2a91915,bar
310552224,61991965,27849099472,4504209,61991970,9cda46e4-b8b5-4a84-a401-37232f3c6645,e1388fbe-46fd-4e8e-9c4b-a21ba6099f1f,hals
310552283,61991987,27906899332,4551227,61991992,08568079-7442-47d6-bf0c-40830de57586,4766d7bc-081b-44c8-9dba-10b4da81ed18,kontakt
310552305,61991993,02816199592,4506341,61991996,90dc9638-4942-400d-898a-77bd3ea88949,290cc96c-17ef-4dfc-b7fd-ca3b4a5bc49b,deig
310552437,61992032,11909198773,4504856,61992036,0136c418-2609-4e86-bf11-7b943c74e142,10e0a8ff-c11b-4ce6-b59e-8e2b690a799e,fole
310552542,61992058,26876098988,4502450,61992065,56bfb30a-e3d1-43b1-bffc-59fc33e57e79,92e12c54-cc77-4f29-8829-ba74b567e8ed,lind
310552569,61992063,14926295307,4553512,61992069,fa8d0477-4d6c-4d87-94a4-ed9ac5c29b7d,1f700ffd-3c62-42fd-a8c0-ef0de05b2d74,trost
310552623,61992081,24918198985,4567255,61860191,ec637331-18b1-4c66-85be-77197a817603,094a5bd9-8823-4fdf-b843-7da672778455,skrivemaskin
310552771,61992117,20881399173,4547646,61992125,beb451e6-bd53-473c-a437-130b4154351e,5d9feebf-7e29-4af5-b9c6-fcb9fdb84a4c,jorde
310552844,61992131,10874697562,4503780,61992135,07215690-ca4f-46a5-9be9-8de1bb01be44,59f1d752-a45c-4d9c-8fd4-efe89096e0ad,fisk
310553158,61992230,06924897293,4542354,61992234,b2eae22d-bea1-4131-8e05-966effb7d7b2,aa2a5cf8-af1a-4fc8-b4d1-8b93a034e6ea,livsstil
310553166,61992232,04896899193,4501757,61770400,13594a97-efbd-4ef4-902a-c5ea214d624e,d325519f-9379-4728-a8b3-5b1c20af09cc,dagbok
310553174,61992231,24845999925,4563949,61992238,e549687f-0d91-40cf-93fd-eddd10f7c670,207bf3e3-3f93-4856-81cb-e304ee68da0e,frynse
310553255,61992259,07905499712,4521792,61789293,eb585030-6479-4422-ba5a-c221158fefca,9a05214f-5289-4a3d-917a-f963487141d1,geit
310553271,61992273,10857599719,4503527,61805820,db9a8e5b-87aa-4ff0-ab05-68c3ae8d6c88,9fb27090-545e-4145-8068-68dd825240d5,ambassaderåd
310553409,61992297,14928898173,4552520,61992304,b0af5255-da1b-4b26-92b5-b14ac96dd49c,7e5a6057-496a-4750-a5f6-c82b2ccca261,feil
310553557,61992334,29837898739,4551263,61992339,62e7028e-8f33-4a1a-9074-18d08a19b8f0,73d6f0d0-1b71-4a8c-a85a-dfcf95aa6484,marengskake
310553611,61992353,25815499576,4548052,61992359,83111cba-681d-4dee-9ef3-2072c2395a02,eb77c496-c101-4a7e-b6e6-3198a267cad7,konge
310553654,61992356,14906199913,4555056,61992361,9d134083-a96d-4e10-9ae4-564aaa4a3ff4,ddce91cf-b779-4282-9b1b-7373ea607643,seigmann
310553662,61992357,11864298917,4559143,61992364,e257781c-b443-4510-a02a-3903501cd578,a83fb798-239f-48b3-ac2d-756127a070fa,følelse
310553700,61992368,09839599150,4501643,61992375,db1e630a-8ded-4d9e-9995-3bd5669db77e,eae76163-4071-4311-9cb2-c3762c716af8,fiolin
310553719,61992370,30866199163,4502791,61992377,b735f03f-6c2d-4748-a172-6928b10dfb99,041bac98-db16-4eec-8f1c-9a3ae99824ae,fusjon
310553875,61992423,07877498705,4563772,61815889,1c614498-aefb-453b-aa26-e9fd4d90fdfd,ceadff01-4c2d-4a72-88b2-721df1b415bc,sarkofag
310553883,61992425,03904598541,4506004,61895041,53e6903d-c98a-4333-ab12-ec9314654551,e2927ae9-2d3c-40b3-bd1c-a7f6fbb04adf,kanon
310553948,61992435,06905399924,4506223,61992443,6b8d626f-93b8-4f5a-8030-70bdbd3ce26e,a43f0d80-595a-4a09-ab37-1c9e6de85d7b,akeleie
310553964,61992442,31929899515,4505186,61992449,cd046186-c3d9-44c7-a277-06f946c0ebff,002796a9-8897-4c9a-9106-e81bd5735ed8,hette
310553972,61992446,11928897534,4505273,61992451,3c06b52c-89a3-4b16-ad64-1df9f603e2ec,1df4d690-6efe-4a10-9835-ed19bd914ba8,buksesele
310553999,61992454,10815997099,4543563,61992465,a4ff1183-f489-46f7-b426-337055f2165f,dca3d386-2350-4232-8c93-72c53b346802,morfar
310554014,61992455,11836699175,4528671,61992468,e1c508f5-0a53-49dd-becd-ed8defffc176,506835f7-30c8-4a40-9b68-042cf50a578a,nøkkel
310554200,61992515,02825597355,4540517,61992518,d4d60fff-8f8f-43ae-8628-fde064975151,72ab9113-4860-4e33-9206-03be1dd70bcc,fiolin
310554219,61992516,07886299367,4567465,61992522,acc37420-93b5-44a7-a634-0487dddf6c24,074a0664-3370-4465-9b04-c115e1e63b5f,torsk
310554286,61740991,13897493904,4551538,61992536,862e2b3f-1a7a-4a98-9b94-1c0bcbca8c5c,830ccb58-9a78-4c9c-ace8-ccac72279929,servitrise
310554340,61992542,29855798741,4555703,61992547,d50c4bc8-59db-49c4-982b-f6dcdb5c7195,ef10b193-ad50-4710-909b-e198615a2751,konjunksjon
310554375,61992552,16823148708,4503731,61992557,f14a9ae7-fa61-4e49-91f2-5a5cdf21c853,fe6a35c0-ad79-4379-9fd0-20a18b02c206,bakeri
310554448,61740965,01835897369,4566466,61992571,b080e832-5e98-4fe1-8d56-825c3531b67c,07595a5e-1dc9-472c-8488-8a110630deac,pike
310554456,61992564,06929197117,4520247,61992572,3c7f66b7-9862-4f65-9edb-380f1c9eaceb,37ceabc5-b1d5-43fe-9122-918acba25b71,telefonkiosk
310554464,61992565,15906999061,4560373,61992575,26188cdf-15a5-4439-a228-753a8f743114,3a16698b-bdee-4793-8730-7fab3a7edb7f,sykkel
310554529,61992588,08878698704,4554930,61992593,fcd391f7-094b-4ee2-bb21-5eb6e8314976,8c6e3e1c-8475-4f78-a8fd-3c2fb8aa7d6b,bass
310554685,61992628,30889299572,4536491,61992632,e6eaf11c-af2a-4228-8fa3-dbb5848bcaab,39a9fb46-2743-4867-9849-3971f184c261,tomt
310554693,61992630,10917297652,4563047,61992640,60ae6357-e0bb-41a3-8b9a-d350a0d3a7dc,06f1d046-7e35-4cde-9a84-1e860db008ac,oppdatering
310554758,61992651,26836395742,4557018,61890683,7fe5dd6b-024f-4cdb-871c-293fec718aa2,b91cdfa6-c562-4955-b903-e20308bfa2f2,bølge
310554847,61992672,06907196982,4519904,61963264,531e254d-5309-426b-83df-7d9d053be752,095a93c5-6263-4ad6-b571-c9fe0da08dd1,grønnsisik
310554871,61992684,08887596825,4546535,61992686,4a6a9fc0-1e8d-40a2-b70f-7837ab9b989c,8f0c9c32-d24d-48b8-a2f8-7761545c51f5,vegg
310554987,61992704,29854097731,4562199,61992710,2890477a-7870-41e6-a657-4d380c655620,7adec918-7522-4afb-853f-67d6c1963db0,avslutningsfest
310555061,61992727,07825599937,4553332,61817870,e39b97aa-f5dd-434a-ac11-707030c853e7,02ecd79b-dd55-456a-be1d-e6f3f26c33f1,aktivist
310555134,61992736,01927297600,4503286,61992741,b73d6d30-6d31-491e-a740-93578942853c,233f2970-b722-47db-b470-aa03e42449bd,presse
310555193,61992754,17926599127,4555417,61992762,c5a4319d-6522-4b0b-8a09-a6440fa1dbb2,6d422c8d-aa80-4120-ad4b-10c07282aaaa,aktivist
310555207,61992753,26816794942,4566000,61992760,f1306f7a-8b6e-483c-9e02-d5d61189098f,13dd5a8e-fc4f-4e75-88c0-d9c53bb1a975,kur
310555258,61992766,26850499968,4542297,61992769,398b876d-d709-4ded-80c5-e13ce79a4bfc,c3361ecc-a256-4bfa-9a26-db278b70fb31,plassering
310555320,61992783,12879596929,4554538,61992788,50c618aa-a2b8-420b-81e8-c071a3d382b1,2474d547-11ca-444b-8c49-49745b29c5f2,direktør
310555487,61992819,23926899619,4561465,61992833,7cf9f63e-cb0c-44c1-b819-9f8cf2d442fc,7307c0cc-9385-4d60-be66-a03a54d34ca0,horisont
310555576,61992846,03836597302,4552736,61708287,40e8f639-a1ef-4586-a97f-173028bff524,b3c2173c-9196-4662-a41c-54407b9c25ba,løvetann
310555592,61992851,09816896506,4554761,61788488,afaab50d-b9c4-481c-899a-d3c35c70f9c7,c3430d85-2a20-435d-bf02-de162de665fd,busse
310555649,61992860,28827796788,4561482,61992865,88715a59-d9f8-413a-9197-99594f415caa,445c5e64-f1af-4155-89cb-3d05922c25eb,skatoll
310555738,61992879,15842947712,4537713,61992884,27ddd082-a9c4-482f-9d87-cd612636da99,dbc9a5a8-1f52-44ab-ba0f-ba8d7e78daca,blokkfløyte
310555894,61992918,07818799025,4520403,61992921,c9a2415e-532b-4678-b9e2-dfd3a0779032,40da78de-f89b-4e0f-9188-2d883faefb5a,blindveg
310555983,61992939,10848999720,4568869,61992944,8b77bccf-25de-43ef-9520-311aa710e3dc,a31aaf04-b31d-46f9-86df-aafcd0b3f336,pes
310556025,61992946,06814399514,4505847,61992951,69d6a571-941b-481f-a829-c73bbeac7bd6,d27015a3-fc8d-4d80-8597-e0b3ada9bdba,pizza
310556076,61992956,02886298911,4543151,61992961,56d57f1d-e05a-4f8f-b6d8-fe20f60103c8,1c6c6ae3-c08b-4d4e-a35b-27c397a2a3d6,knute
310556092,61992963,13825796503,4552930,61854258,2bac45e8-f87b-4b57-80c3-9e003fa19a78,b6fd2848-6042-453e-8cde-57f1d5a23508,kunngjøring
310556130,61992970,08886397578,4546890,61992979,550732c4-8d52-4026-a941-d4b83a56a865,a214321b-0399-4af4-b195-aeef8836cf70,lilje
310556246,61993000,24876198920,4556491,61993004,7647268c-8a2d-407b-a1d1-a0632221ed3d,19a793d0-2e21-4f80-b293-04574540ce31,bokfink
310556378,61993033,08878898584,4541167,61993040,4d865df0-85b7-46d7-a813-958ac2bc3239,fc8900a1-75b9-4c12-8f64-83bea7dab2c3,besteforelder
310556432,61993053,24907098008,4550675,61993061,22a80e12-e9bd-4cd6-9b47-b41937e0b96f,96230bfc-acc4-4536-bd43-79edeb43119c,malm
310556491,61993064,10897698310,4537942,61993068,0067d064-cb24-41c6-acac-1232b1ed3314,4f1878bf-1f74-4cca-8d7f-58e6a8e465cf,regel
310556556,61993090,02845997309,4547866,61993092,fc26b2e8-7858-4f09-9e8e-a008afc623c7,a6f0bf09-0453-40f5-bbb7-2858cf8e7566,frosk
310556750,61753612,16845795464,4555675,61993142,6611f2fc-ade3-41b0-8d2d-0943f354dfb3,6320c684-3465-4dd7-a35c-42c16679c33e,svigersønn
310556882,61993175,08896599187,4523714,61993181,aabba121-2f63-4c91-a78c-f035e5978f66,7f3f6ffb-5406-4c38-a4c6-5af2852509f1,sitron
310556963,61842000,25826595836,4503137,61858869,1dd6c981-45da-427a-a6ee-bf411cf56280,b52848be-60a7-4bde-99c9-6b6010a26f4c,badering
310557013,61993211,52916701926,4544351,61993218,14455d69-3fc1-4d91-a7d6-04cebcfb98de,a39a4039-4450-4488-9e6b-ccdb5f7772ce,struktur
310557226,61993276,09857696996,4506287,61993281,8a4bb420-d69a-4c6d-b703-f86e46e13beb,5b383be0-a888-4b1f-bdc7-4e90d2fb8a9b,ferskvann
310557390,61993317,28832649173,4562412,61993328,13926559-6cf8-4bd4-b028-d50214baafe0,a8e50044-5857-4dfc-b2ea-e3f694527468,panne
310557501,61993356,26872848737,4537882,61993359,0a5771c9-bbcc-44a1-b8fd-2b2cdcdd425f,c087ce5e-64c9-48a0-b7ae-346f1077af7d,karriere
310557552,61993367,24865398782,4543983,61805022,ff5ab991-bedc-445b-997a-6bdbc65cf032,6b12ed50-5a3c-48b2-8fb7-e830d7196ee0,alke
310557617,61993377,05855799628,4551358,61993383,9dab97fb-ca5e-425d-8520-55c0c0633189,f09cc720-5e8d-4a75-8d96-5685d422aa36,fruktbutikk
310557692,61993390,16876896005,4553443,61993396,ed6e165d-0106-4d60-8d03-92968795e6db,02fec656-c0da-4d77-a799-dfc18d9bd1c7,hane
310557706,61837792,03826298900,4564830,61993394,dbebc2fa-6268-46b7-ab67-4fd2ac3c6b33,0e301d57-23a1-4023-aedf-81606799d069,purre
310557749,61993399,12922847914,4551286,61993404,18a5859e-f7d8-4497-85e8-7115c3f559fc,3ac8a8d3-a9cf-4373-9841-600ea5b7472e,fantast
310558060,61993478,25929898969,4504763,61993487,3c704515-3a0b-4e71-9595-b67aaae80d73,41b1924d-a65d-47f8-bc6f-d332b452f2ac,idé
310558087,61993482,04885796783,4515542,61808307,82b37201-267b-4b8b-b71e-1e56b1d36685,8dc453bb-36ce-4c6a-a68d-5389f4152e13,seigmann
310558133,61993499,21905795519,4563507,61993502,c8d0faf7-d4e4-4c3b-a315-6903a65a7c63,6a29963f-1dff-48b8-bf25-a2ed4447632a,fobi
310558176,61993504,04917599772,4516102,61993512,e29e5a81-ff45-4d90-9543-6fc6d2871554,0c6923cb-0711-4d29-9fcc-dfef92ca2da7,system
310558354,61993551,11862949171,4566463,61993554,97e8220f-332b-4188-88e2-0a88abf6b95d,ca09d8a0-8dd3-4bfa-b3c7-bcabb5bb5707,karriere
310558370,61745670,21882948762,4540813,61993556,b5b474b4-e4af-4616-9591-d4be95546913,9980c370-b1de-4534-b5c4-4a4cfaa095a1,tallerken
310558613,61993629,03896097953,4546896,61993632,c35cdc8c-c0ec-40a2-9eb1-dacacf7125ac,343cdebc-41b7-452d-9958-5f3770171b4f,informasjon
310558699,61993644,13867495945,4533115,61993649,05e01994-387d-4f4b-b8c2-61f94c1822e6,395ceae3-1af3-4987-a0fc-8ae3ac024f8a,hankatt
310558818,61993678,06918499081,4558617,61993682,72cdf79d-4fe1-4241-bd36-f9a318e584eb,5821c633-8271-4efe-ae6f-0dcbbb0a279b,befal
310558877,61993690,06846296563,4518910,61993699,e97c0275-7467-4951-996f-2f3b5babeeff,2f778c94-1b3a-423f-9178-f4c7ad727cd8,duk
310558923,61993705,25878399237,4546753,61974036,0910ec0f-c9ad-44e4-828e-619b848a104e,ff089feb-f5a8-4923-bb2c-97b40090a1af,føflekk
310559032,61993741,25874696997,4548166,61989767,3724d011-7983-4c8a-b35b-f4036a7becb8,8eb489b6-6e1b-4da5-abaf-deee703725f1,flyplass
310559059,61993744,31906097764,4505274,61993753,53451d56-7475-4426-ba71-cf9c59a731f0,82f25371-ca92-4f7a-87fc-066e0c7e60f9,forsøkskanin
310559083,61993758,02816096858,4547387,61993765,4b6213f0-d513-4db5-9f91-6fa449645e5b,15c2587b-74e9-4f9b-a9dc-e38ee9decbde,avokado
310559229,61993788,23868597461,4565097,61993795,9faa3545-41b7-4ad5-90b2-8dbcf1c12b91,c5290909-376d-402c-b949-8b758adcece1,fryd
310559334,61993814,05862749377,4567680,61993817,d52cc1af-eebe-4189-aa2e-4359564548ab,c35e2fc1-14b2-4ca7-b1b8-5f60042fc275,bank
310559636,61993884,24847799192,4563595,61993894,b7989adc-6b29-4048-a41a-72f8eaa9574f,f07c7fd3-5839-4201-b517-6c8702a3d04d,telefonnummer
310559679,61993897,03838098591,4549885,61993901,135a1187-e071-4bc5-9f24-529c4012aaf5,0482c424-1b00-4f0f-8cd0-dfaa71c09c2a,eksamen
310559687,61993898,10894699715,4504847,61993905,42ee23bd-2007-4cf2-b5ab-9755d67b9b7a,2eb94807-7893-4770-abad-f4ba1308945f,lerkefugl
310559709,61993904,24916499503,4542466,61993908,c034335e-6dad-458f-b04d-66e278d70546,f8658814-846d-4ef7-9a24-a3e7f64af29a,jobb
310559717,61993906,19908097761,4555362,61993911,30cc9151-c49f-4aa7-9199-63a1c895d576,609b1e8a-eda5-40f7-8046-5bda47c15b93,sum
310560189,61994022,20928799485,4541451,61994024,d5ee6025-cb61-453c-9218-2679836ae8cc,eda2abf1-edd1-4b5c-a67f-46d7844564a9,køyeseng
310560332,61753819,13816599576,4503245,61994073,72b53451-2c6a-472b-ae36-4156c7709e0b,5940c803-e9c7-4af5-af7f-2591c16f3629,presentasjon
310560421,61994093,03816996502,4539521,61709529,22054f4c-22c7-4098-8df3-c84849082423,3728363c-32af-46d7-85d7-1bac60674c1b,glede
310560502,61994117,26847698518,4561606,61994122,5e86f738-d6e8-4231-b0f4-68617126cced,2c16d9fb-28eb-406f-9129-34e2e8c41116,faste
310560804,61994196,10908199761,4552265,61718870,688b47ca-9702-4a7e-8f45-718f1a07ae25,879f6f7e-2e4a-4014-9104-e35bb073e06f,ektemann
310560871,61994211,17905998560,4569841,61994216,fa19c343-9740-4ea5-ab2b-43cd0e59e047,801b9613-07b3-4260-87d5-c2a9e63263bd,diett
310560995,61994234,14868497247,4557087,61994240,7b9889cf-bd0e-4a9c-8c0e-56eef08c70e6,0aedee7d-b24f-450b-9d33-f926fcf2319b,energi
310561142,61994263,07856498373,4505783,61922827,d7a6b462-ad79-4b81-bded-4fdc1d46a4bf,b8a1eab9-dd12-4446-bccb-4165c760fc1a,ark
310561169,61994269,28864897306,4561846,61994283,bf4fc1be-0157-497c-9c24-1aa1170e8085,032bc21b-c5ad-4d89-a218-94cf6eab5e53,takras
310561177,61994281,18907598310,4544384,61707618,15006b8b-0577-4ac0-afe6-c70fbfb5d4dc,8528d21f-7ff1-4985-99db-bf89f811f3f5,kjenning
310561339,61994329,10916099946,4527980,61994331,563cf019-87cd-483f-9d40-92531373fcbe,63febfb7-c539-414e-8012-69cbe49021a3,stamfar
310561363,61994334,08856294359,4549563,61994339,bb6a3663-d3f2-49d4-99a5-42ba8f1d3017,ca547889-04f1-41ae-9348-138ff2f0854f,labyrint
310561479,61994367,12866895609,4552411,61994369,6f8282c7-cc66-4852-a24b-ca8f743965d5,07eb62e4-a83d-4b18-9573-cd3752397621,orientering
310561495,61994368,14848599531,4545263,61994374,b03813a0-d0c7-4e72-985a-262344ee9f3a,6f1dfc67-a98f-4838-9421-f279fea10b2e,fabrikkpipe
310561576,61994385,23842549329,4565841,61994392,a39e1997-7e25-453f-86ed-09d2c7c17666,26c26cf1-1f2c-4032-b1d1-75c371f5ad8e,palme
310561606,61994396,05838298763,4516821,61994399,9d0b7efd-6d41-431b-a94e-374631229b21,9bf9511b-16aa-4773-bc73-f8b4daf4a34a,opportunist
310561649,61994405,05826196019,4548898,61814765,9c68b647-3a9f-4c46-96c3-4c4af02e9ee6,3c85fcd6-e511-4179-9edb-a6caf17c4198,busstopp
310561711,61994421,26878199234,4552435,61994425,c7f3876c-73ef-4488-965e-c311a98e8eba,647abc8a-c893-444f-9a43-c2fa4689af13,juni
310561738,61994422,19876099708,4568697,61994427,33b29984-0714-4e3a-b99a-c24db080d2ce,d283ec72-7a05-4dca-992a-c184a06df994,adjutant
310561886,61994452,28902099907,4538975,61994459,8e3e506e-b8de-4f42-83e6-4610bb4f6c6c,951fd28f-0147-446a-b88d-fe9b117f5007,bagatell
310561983,61994484,16877599713,4553350,61712483,5efcc155-5841-44a3-8872-2eac65640962,8652ea29-dff6-4c38-b1fd-824b8048ebff,bolle
310562084,61994505,10896498784,4527677,61994513,12e662b3-8d82-40ac-88ed-d9b13c560e9b,a2fe08a2-b533-43ef-a2e3-fc85702da997,biograf
310562173,61994536,16816295932,4544753,61994539,241971e9-36e8-46fb-9378-a785c5a6c3e6,ea98c6e3-f293-4113-a914-cd874381a900,gaupe
310562246,61994545,04927198814,4551905,61994547,60c9b815-225a-4174-ab79-c94d4c140deb,f65d6166-461b-4bbe-a947-57643e8e8ef6,ask
310562262,61994548,01844397174,4503463,61994553,f75d70c7-38b1-4a70-bdcd-1ce1aa74db99,60063441-2647-4566-9093-2cdb00a3d84c,genser
310562270,61994549,01897494759,4536207,61994555,f32e5fdd-64d8-469b-8c32-74b65e9eebd8,77bd49f7-4954-4fa5-b22f-82025014f024,elv
310562440,61994598,14849996577,4567210,61994602,e6d6b466-cc72-4dc4-8aa9-3a7e05c4459e,13b87d8a-fab7-4a41-8295-f022b878c9b3,savanne
310562475,61994603,02858598284,4550528,61994608,146fbba4-2c62-4ee6-89f5-2cc3ff35de71,9923f2da-c703-40bf-9abb-13f094ad7975,marg
310562777,61994676,17847396350,4567928,61729827,b2187945-3d1b-4cf7-a533-c2f2f9936ca8,9c002dba-1917-4ec7-a51c-409e6a2abf8f,mose
310562823,61994687,13905996775,4545649,61994690,08c06b83-6440-4cd6-b8ca-614fecee4a48,051522cf-933e-4b0b-9704-e39e4d1904cb,fantasi
310562831,61994689,25908699702,4540343,61994697,d480378b-6faf-47cf-9e5d-f62768af43e3,b61548d7-2837-4a96-9ff6-4de2f39f7f4b,eik
310562874,61994699,10845598393,4553426,61718484,5ffe5f00-6cde-4ac4-8d09-7f07120d0714,2b078ab6-d6eb-4fe3-91f1-17edc79f8bfb,spasertur
310563129,61994761,27838299658,4541376,61994766,8ac00b08-cfed-4b11-a0da-cd36bb21b1a2,fb404b74-4c91-4caa-9447-c5568331350e,olje
310563137,61994762,30849299774,4547582,61994770,36beaa4d-27c9-4db2-9a8c-30f663b0a627,83f4a4ec-41cf-4200-ba9a-49b841962f6a,gjerrigknark
310563242,61994792,23814899381,4567561,61994797,51c40706-fea5-4321-ab18-9991fa0ff8c2,8dd2fb21-a4c1-4e72-9e69-dcf1e87dd101,salamander
310563579,61843925,47916100708,4549431,61994873,d5a48b7f-01f9-460c-bcc6-9d15e5c29f36,4ccb45d0-9ebf-459e-9092-cb7b3bb07e9a,hotellsuite
310563676,61994889,05854797508,4548737,61994895,9f13bf57-b0e6-4e20-9d2f-12e8709e9e3f,90ec0a41-c610-472a-a90d-9aaabb83041a,granitt
310563765,61994911,23895898112,4553627,61994917,fd7c26dd-7156-4e36-ad79-64dd3931f26e,1145ac3a-86e5-456c-8a02-ae41a10928e8,liste
310563854,61994934,24839499449,4552495,61994940,153a8a5c-7783-4b14-b3b0-3d84df808f7a,f173c5eb-a07b-426f-8a15-0633f6713904,fusjon
310563889,61994937,13813749186,4550183,61994945,923381d4-b270-4ba8-beea-774dd9c78d55,39bcf54c-bdaf-4096-a60b-60cfd714e97d,varde
310563919,61994952,23836298942,4504111,61724035,a8849934-454c-405f-b20e-2bdeaaedf6e3,f021f627-89d3-445d-a556-d4a6dcdcc1d5,niese
310564028,61994975,08875497147,4549562,61994980,d76c75e0-f234-47d7-8cc3-05456e485e3d,dc4aec2a-fabb-44bd-826a-08fcf06e45fc,legevakt
310564036,61994976,05896098049,4502586,61994983,ea94e31a-5260-4c2c-b93b-a24a8a4e986b,a20cfcee-995f-4798-afc0-73d21dbe6083,tommel
310564214,61995025,22899198402,4568769,61995028,90f73216-0755-4526-9e52-c8b0c8ac7812,cbc43158-4acd-4066-b644-ea89f390b155,alderstrygd
310564265,61995037,26819499003,4550538,61995041,d20ccabb-e115-454c-af1f-4d0ba3cbfb63,51696baf-4451-4b82-bc1e-6f91a901ba55,tomat
310564303,61995058,12860199716,4504331,61995065,bb785c43-6646-4248-bf04-bd08b797dbeb,a7d7ce81-f0fd-4f1c-b975-961a43083083,konkurranse
310564338,61995063,09887896736,4556768,61995069,6f7bdd18-6f2f-4b7b-afae-48324daf1518,de9b5487-2a15-45db-a996-04e92501c3d3,aldring
310564419,61995085,03896098585,4565983,61995095,c0461a6f-914c-4354-910e-b4e87fc736a3,04b1bd97-c8b2-49cc-9985-ae3120df2839,persille
310564443,61995102,04896199329,4515735,61995107,e60e251b-7c38-426b-ac72-38701a29f55b,8e6c2e88-f010-4763-9628-53cd6a784d06,buksesele
310564826,61995192,01926499544,4558563,61894562,14d4a11f-5d59-41da-a77c-db6be4544481,5af3ba9e-cf05-4373-8739-2fb0b86969d7,bruksrett
310564893,61995227,26882647578,4502481,61995243,f1edf2f5-1edb-4398-a4ad-dbe11c1d16d3,0c6678bf-cb59-4c65-8423-aaff5b2cdb0a,brett
310565288,61995337,19858096394,4546141,61951301,6bb67597-bb40-43e5-bf99-92a9ec61d84b,53eef924-6e7a-45bf-99b1-c0fadb65b49c,akkord
310565652,61995415,15836399592,4566920,61971185,067334be-e543-43ce-97b3-a4d981a98b9f,70633414-1ccf-4279-86f9-1a57f2059e0a,komfyr
310565822,61995453,08907198104,4543132,61752019,f984c47d-6989-4340-80ce-7640ffe0bab8,710d0300-dc8a-4a4e-850b-90049cfcf5f4,badebukse
310565830,61995454,20817998586,4504370,61995456,12953fbf-9fd3-41b2-add1-dffe3ca08879,631bceb6-f6cc-492c-99a9-66e0b55a8cc3,sko
310565865,61995458,19915096479,4560527,61995463,6cb79152-084f-4375-a700-4c0758ca99f1,48e1cd17-c316-4a8e-ad25-055cb44f2bd8,jerv
310565911,61995469,21835395305,4557140,61995473,12c6107b-35ae-436f-90d4-3103c2b309e8,37f52cb1-5e83-4f7c-ba8d-afbbef99b0a8,fole
310566055,61995497,24904796553,4543670,61995502,fd89be9e-928f-40d2-b3fc-605ab0f1a5fb,1e069c9e-0614-4ae1-825e-595d5371608f,farfar
310566144,61995524,12865599135,4536362,61953256,b9eaa86c-5f6c-4f82-bb22-7e551cd0332f,66521f80-ef31-4961-9373-6d25c449a9ad,dublett
310566640,61834526,21878699405,4504262,61995664,df8c5b09-aa35-4060-ab00-690c86faaead,3d143ce9-6312-40f8-8df0-036a335a9263,ord
310566896,61995715,15846898945,4552203,61732892,91f415f9-460b-4e07-9dd1-ad6816ae838d,cb7e2198-0bc1-4e58-a51e-aae9ce211cc5,erklæring
310566985,61995732,07829098738,4520563,61995739,9828ad8b-69d7-45a8-8864-5eb32f59f2fe,93a39e29-6e5e-4bfc-a732-61b95d0efb8b,sel
310567035,61995744,12856097178,4536260,61995748,c5857838-95cc-4546-b336-7837fc52cea1,c93442d4-3f65-4b14-9809-43f95a390564,legevakt
310567256,61995804,07916896586,4555429,61995808,a9501ffc-75e4-4a7b-9766-3e3ef7ea03ec,b2f5bfa0-a91a-466f-b334-7dda7ed69ccf,katedral
310567264,61995806,14824898384,4505224,61995812,44dfb9d7-e792-4e9f-91f6-7cb48ca39586,6f1be6c9-a232-45fe-b0bd-295aa63b5efc,garanti
310567442,61995851,29897196237,4560063,61995856,114f0d7a-bd51-4e04-916e-75f82b0f0067,8c874338-b87c-4888-9b9c-751d9cf4e84f,gjerde
310567469,61995853,25822548957,4564011,61995860,19a03597-6d49-4c6e-80c2-6ed1cbfcf6b3,f31c41f1-d911-43ec-9343-b75e636e8885,kasjott
310567698,61995910,13856896522,4568376,61995917,3c11267e-9a8f-4466-8358-1eeb26b3705c,0521c98b-4dd1-4fe8-a1c5-8f910094b2a6,bakhjulsdrift
310567779,61995928,09877399122,4548919,61995933,b3e89681-b78e-43d2-8d75-5413bb5f4839,ff222c61-d832-48b5-8938-67ee27aca4c5,krem
310567973,61995966,12818699938,4545396,61995972,c48fc607-95cf-4a64-9012-b3b4dc4d8a48,14fc99b7-a1db-4b83-b5db-7fb127631dcb,prøve
310568066,61995988,11856598502,4544681,61995994,b5456d22-664c-4e75-a2af-fa3b1cf3c1c1,51025a5d-5b97-4c90-af77-8e324b2f572e,rosin
310568104,61995999,30819497725,4542508,61996006,b5823991-68c7-413f-afe7-1ee51a83f9f1,587fadc3-3501-41f2-8361-f93ec4573fb8,poesi
310568244,61996040,21835596726,4559394,61996050,ee926b4e-01be-4fae-adbd-c1843d0964e3,a155d16b-1f23-4bfb-90a6-aa75d1fc1f77,etappe
310568422,61996090,14819999997,4534148,61996093,ef4a319c-1d1d-42bf-8d1e-c25916748399,811db073-2fc6-4927-97fd-eaa8d606bad4,bank
310568619,61996138,05887196763,4536685,61991136,ccaf3fb1-306c-46f4-93f8-388cf9753e0d,d55e7c2b-8571-4130-8ef1-718beaad102b,behandling
310568651,61996144,11817197622,4555824,61996151,a59650e5-f376-4265-9e33-11d969bc41a2,64ce72f8-a4a1-4b05-a82e-9b0b6d5bd0d2,edelstein
310568678,61996153,26887599865,4502570,61996156,156a6f76-64b9-4132-8350-e229d1bb6c08,83dad4c5-cbc0-41f1-8bde-8a9860fa682d,miljøgift
310568708,61996154,01856997983,4505888,61817802,928502f2-0ee3-4334-8dc6-0408e8a46082,d960cff4-0d3d-449c-9454-5afe8b4db0f3,arterie
310568740,61996166,02929998920,4512390,61996177,4ecbb550-a277-44b3-8863-a4360bbfb703,c7f3b4a8-3087-4741-b245-b2998ef0d5c8,duk
310568805,61996188,18827599227,4542212,61996194,2a436de9-c5f8-4960-a5de-7d3a5fe198bc,cf66e055-9e83-4306-8eaf-28b0f046874f,fan
310568848,61996197,08926999592,4562607,61996204,8c9c6705-1b2a-4eb6-a59f-e7428247ed30,673e2a31-775e-43ce-ab2b-0978b6cc761a,kjede
310568899,61996215,21826998315,4541145,61996220,4fd5af8f-4615-4cd2-ae5b-eff8499662e0,36c9b26a-37f4-49ba-aa15-a24469b5c14c,ambassadør
310568929,61996221,21916799044,4564887,61760596,de6f3ed9-933e-463a-9837-111d78d8ee08,a2f5b876-f0f2-4fd5-98ee-8b7a403364e5,fabrikkpipe
310569038,61996251,06926098339,4505745,61996256,949841d5-5e44-4280-910d-b9ff2177b14c,88b7222b-8eeb-44d4-837d-0391054e0be5,bestefar
310569089,61996275,30875099538,4554062,61996280,7261e712-9c27-4e19-b329-ef3f4c316232,ff9bcac1-d4ba-4bc2-a8c4-d89de0615b32,leopard
310569143,61996287,44865300392,4560362,61996293,c063e077-f625-44bf-b451-e2e520884f03,8aaf858a-dc5d-4ed2-b363-a9dd4c18798d,ball
310569151,61996289,08855395569,4550737,61996295,a9839bed-a565-4867-abf1-d50c725c790a,85c820aa-2a56-46e4-82a5-818efd3fb5c7,flagg
310569178,61996292,06837399074,4502056,61996297,be9640ec-3dc4-42a1-a648-587240049074,59a95300-137d-46e2-b42e-59cb78644252,ekornhale
310569305,61996330,05867195728,4541529,61996334,807c2b4d-1031-4948-b6fd-eeb2fb34c6fd,a7c6ca0e-743b-4ca1-983b-afe32797bebf,kelner
310569534,61996385,01875297313,4558971,61996392,bbe94478-e78d-452b-9fa4-846568605c14,132ac0c9-0a3b-4a8e-bec9-69ec13afc70a,kostnad
310569550,61996389,25865698189,4567319,61914779,d896cb64-2fd5-472d-ba6b-41dbbb23bc3d,b167e6b1-be9a-4be6-85b7-516dbf62099f,hake
310569682,61820454,05926599773,4518221,61958109,45eb6ca1-6bc1-48a1-b4da-a1a316ced5c2,ec0cdf4f-11b1-469a-8dbf-0ce8018e5da8,fantasi
310569747,61996443,27924499716,4547982,61996452,920c064c-4ee5-4268-8edd-7534f57c4cd4,e72ef3a8-50a0-471d-a9e0-25da0890b9e4,allehånde
310569836,61996469,01815999149,4561607,61996472,4cdf909f-e12b-4dc9-8c33-887021e9a486,03417139-bc80-4e6e-9f49-2625be70cc08,far
310569968,61996502,07857397325,4558979,61911103,1df2e5e9-7c97-40e0-a67b-bb3d0abbc678,f627b308-8be9-4429-8d83-0406ce27df6e,juni
310570052,61996535,01895398299,4561624,61996540,ac3c9168-52ed-4c22-8fd7-59cf7ca924a3,ffd8d4c7-1cd3-4b1b-b52d-f9fc2b6d1dcf,blekk
310570060,61836184,09845898569,4524876,61996538,e5e10c38-e6fe-48e1-a9eb-8b8b31bb207e,8ee9ed49-b348-41d2-9706-df5eed2d9f6d,japp
310570079,61996536,28905198361,4559547,61996542,2fe37f09-e5ee-4715-9817-36183c727f5b,be284f04-c2c8-46cb-92fd-85b4911af580,mais
310570117,61996547,13827897374,4566678,61996553,04d6b8a0-c8e2-46ae-b6d5-dc6116abb4c6,c6a81b3d-d932-414f-9ae0-cde54c44ebe0,lensmann
310570311,61845014,18848498269,4568831,61996596,93be8cd7-846b-442f-85de-6b17b013a72a,807fffd5-775f-4e99-b52c-4f5690f42f5f,rynke
310570354,61996601,01879999363,4509570,61996606,7b1a8308-7b11-4144-b706-df085b2e5b10,aa25964d-fc7a-454f-920a-745f8bac9e87,hale
310570486,61996640,01866499132,4509332,61948031,0bef5450-fa4c-4acf-afe1-05e05c3f3174,aea649bd-ae4f-4f40-9b31-7a2586365b92,prøve
310570524,61996650,23905297341,4502350,61987979,07fc536e-6627-4a16-b00c-9f4942bfed80,343cd181-a837-48eb-a3f6-c6a1b9a4f27f,port
310570699,61996695,25866296122,4548866,61996706,a6ae8127-4bb5-4c42-863c-0db21297e384,98513a60-e5ae-415f-bb59-368bf68a2a37,ringdue
310570729,61996707,01847496971,4543739,61996710,6eb2f240-9ca1-4e9e-aabc-620823424285,fcb12afb-9f9b-4910-957d-85776302a549,motordel
310570761,61996716,30876599127,4551725,61730432,17846c67-7add-40d2-b494-b99966699bd6,38013100-38cc-43db-adb0-ca45a8e0cff0,make
310570915,61996758,21845896779,4539196,61996765,211d80c2-2488-4673-b841-2f87c7946ee8,5ee852c3-1ece-485f-b94d-d8933aec82da,bilde
310570974,61996772,04920195518,4557929,61996777,e425b6aa-a9b5-4299-8996-01d8c3c038ec,830f6d8e-17b1-4970-9248-9ab9329a02d6,brud
310571008,61996781,15897599764,4552433,61940893,64919fe6-6f7a-4a4c-b10a-2719e7db232e,86fc535d-1996-45bd-9bf9-05f9c0f70201,hette
310571113,61996806,01896498661,4548112,61965658,56c310e4-c33f-4870-9a3a-4441fd6133d0,3a6340d1-08de-4027-bf55-ac487bed4263,pleie
310571466,61996888,15887096470,4559214,61996895,a23fbf13-3501-4594-b896-2da8673f95e6,e8c30d56-ce6c-4e56-94fe-a6cc1ae3055e,geometri
310571539,61996906,05846396545,4557240,61799441,803be5b3-eecd-4f9d-a4f9-bee6a8d9af7e,f8480c53-62b1-4b96-b55f-ba03cb8d72fd,torsdag
310571636,61996928,05894698189,4553505,61996932,51bec21d-4d32-45a2-8bcd-75610f091ae5,eab4a7ba-8f10-434a-8c77-a8d1ac2ce17a,vulkan
310571660,61996936,11898199772,4547902,61988460,3083afed-ea94-446e-9104-866fa0532f4f,7868662d-fd2a-444d-8ec8-807f57b352b1,mynt
310571717,61996950,02875699760,4506326,61996954,60072cf5-4db6-431d-abfc-7b6b6cf8cd2e,e5c23e0d-e47a-4c75-9f76-16476630d1e3,grense
310571741,61996958,03868097778,4563414,61857868,dcbb6416-c7e0-4563-94d7-63f98a698183,6da532f0-3d77-46d5-af1c-df695fa16622,fjernkontroll
310571768,61996959,14846099752,4534585,61709315,b9fa16d0-f972-4f1a-8c38-2f9fca475a21,99725dba-e264-41aa-818b-a3452d21670e,bror
310571784,61826938,30883649997,4546963,61996968,19b97a3a-0117-45f1-b036-5c81c1e90c6e,1f50cc33-1002-4806-8221-d0939fa2accd,duell
310571792,61996964,18845198140,4503242,61996972,0d4c916e-05a3-484f-b478-47f858679d0b,df007995-cb80-4d04-94ba-9e171ae17680,bygg
310571881,61996985,11844397145,4556868,61996988,301670ca-f915-4c0f-aa89-c62c738a3992,205ec71e-0e84-469f-911f-7de84815a4e0,halvøy
310572047,61997028,02847197822,4556885,61997031,0caaa49c-026b-4128-8cf2-eb8e13cc1d38,ec21b962-358f-4dd7-a9c1-1344f005042c,vifte
310572071,61748149,10826597386,4541840,61997035,b3316e90-5805-4153-8154-baf50c3252db,9500d48b-fce6-464a-a89d-9495d6673143,fiber
310572136,61997043,27826599583,4558915,61997049,9cbccd3c-0cf7-4c90-b4df-63ba32fd6b81,95afcd75-9a0c-4828-83cf-ab23f9621980,espresso
310572179,61997057,21886398198,4504613,61997064,162de4e5-df55-48b3-8d5c-5ae79cdd2d62,8ba491e2-75c5-4420-83d4-f01be0fd3f01,fotosyntese
310572225,61997073,21928398495,4544144,61997078,7a7b087a-976d-4aac-8fb0-ce18e85f9aef,b9afd658-fb2f-4f34-b5df-fbda1d022bd0,jolle
310572322,61997094,01884699017,4509597,61997097,c7a376b8-3719-47a5-a144-399545f05d84,f480db5d-3738-43ae-8f43-963a47280852,oppvartning
310572470,61997132,25866896642,4540270,61997145,039d14fb-24d0-43c6-8a7c-2f5ad8608b4f,c48ffbb6-2581-49c5-b3e0-6ea5dfcd5885,fabrikkpipe
310572497,61997140,22845098771,4568469,61948698,938cc355-338b-43d5-a29f-6bbfa5d4fccb,4607af51-1933-46b3-a345-947b985151bb,arkitektur
310572527,61997149,31924797714,4539400,61793219,e70c863e-08d8-47b9-b95d-b1b2f906a208,7c23a2a0-c147-4615-a0dd-1e895e5b3954,kabin
310572551,61997155,01913649598,4542560,61850355,d89f992d-ad2e-44f0-9a08-b69e9f1c6960,595ebab8-96fd-419e-9388-1cd5cfa58c8b,purre
310572624,61997163,02856798340,4511194,61923562,ef0907ee-a5d3-4a95-83b5-47ee91525f9b,5eee16c9-142a-4f1a-9ff3-f0947a2adfee,habitt
310572632,61997166,05926396341,4546338,61703164,d27ec209-e94d-4f55-906d-2cd8e781a7a4,3d62d982-28ff-47be-908d-22e177cd3ce7,pes
310572667,61997179,04827696183,4537847,61858265,58b9adc8-88a9-438b-a6b7-57fc2700e602,e8d222e3-7d22-4e8a-979a-2c4fb4925f8f,plate
310572772,61997201,15837997353,4554799,61997205,ba4cf81b-3b8e-4426-af67-33028ca0ab98,0ea3dbc8-a481-4a29-b83b-6a041590f679,blokk
310572861,61997216,27868098045,4569844,61997228,15c7fd19-1979-4529-bdb8-d75c94f03631,254d47c6-7531-4eff-9ae1-294e5d30e260,busk
310572888,61997230,05836997354,4503384,61997232,cbb2edb9-032a-47ca-b4c4-262e4c4f6f27,a254c598-6ce4-4c69-8389-3d17d1ff24fd,gardin
310572896,61997231,21865497064,4504367,61997237,66469f67-d412-4118-b460-b51da8af8402,63d525db-6405-4b34-adbd-ed28576f764a,bar
310572934,61997234,08915197516,4554360,61938563,f3308887-7c61-43e4-9649-3703f81e0b43,5e93d6e2-6c44-45f7-9633-0bb83c57c8c3,servitrise
310572993,61997253,12836898433,4538130,61997261,98a1c944-1985-4473-8e2d-03be1f3afc58,607cd556-e297-441e-b92c-6930b170db8a,brande
310573027,61997259,30897897268,4555302,61997266,a951f682-9676-48b9-9111-8b06c05fab96,f2609141-72f1-4e31-91b4-0be571927f0e,moskus
310573035,61997267,05925298141,4551588,61810309,ea44b93b-77bc-44d7-9cb2-015d101a4f84,0a30c54c-576b-4e8f-87ed-6d388eb230b4,fallskjermhopper
310573078,61997270,02916596114,4559793,61997274,ee566b42-089c-41fd-be81-348002a8e7c5,2ef0f83f-788d-484c-8cbb-d5c70c62661d,brande
310573264,61997312,24918599904,4544499,61997316,b90d88ad-bca5-4450-97f1-73a64444b44b,56ce328d-2b13-43d2-ba61-2ae2d2846b14,port
310573507,61997388,05859699105,4517154,61997391,3e134013-cbed-468a-8548-f873b97f72e7,5de5bea5-86bd-4a47-9329-1c9f738e15a8,snøball
310573515,61997390,02928198955,4559923,61997394,baf4a4ce-dd55-47bb-858e-4f01d4429be6,cad33b43-43d8-4275-a0c5-f67b6719cf71,løvetann
310573604,61997411,14816099782,4568778,61997422,c9dec43a-9b2e-4112-874f-6e26bdbf4a9a,2dcb5d1e-1043-4aab-a8e1-3ec19d3797fa,havsvale
310573612,61997412,29845695936,4548019,61997420,15f70db7-0a9b-4bc0-a4c8-0ed27802e1d1,801f6f14-93b5-403f-aacf-9558001d6ee0,bursdag
310573620,61997416,30924795774,4570907,61733812,492e95a2-46ab-4808-a749-9c27f1be9070,a495cb91-a3a6-44ce-9e2e-e0c1343909bc,kafeteria
310573744,61997443,04859499800,4565082,61997454,432344e5-5bf4-4f55-bfc4-bcba8b95a9a9,c5455766-a726-4e87-8cf5-27259f780825,løvinne
310573760,61997453,10920198428,4502710,61997460,331dfafb-e631-4450-92b4-44b756196b95,7b79f640-ef58-4ef7-a9dd-2eafd13b9ea4,bly
310573779,61997456,31877897721,4543686,61997463,8f30dcbb-dc98-4f7f-8fab-6f128c7bdabc,54070d6e-d74f-4ff3-991f-a7062fc267bd,søyle
310573833,61997476,20825597167,4549518,61997480,15105f3b-d9c3-43f6-86f9-d1dd1146a937,0a36dda1-3c1c-4d8e-ae9d-a5f249cdd1a6,merr
310573876,61997479,18917797559,4564449,61997486,6cfacc01-4c9e-4ab6-b14a-204a0735fb07,15ff6168-d39e-448e-a7b3-caaac2d93abf,indrefilet
310573906,61997487,17857198158,4559870,61997493,5c4505d4-b96d-4c77-9fc1-9661e4c2c340,8766c5c7-f0a1-405a-8425-3b0a06aca799,høydedrag
310574015,61997515,25829498432,4553352,61997523,1f8a6b93-19ba-4b60-962f-642d594fee71,c00652dd-d3ff-4964-bf0c-2f947c2b3aa9,kokeplate
310574066,61997528,29896098118,4546932,61997535,6aa44f42-a5dc-476b-bfea-e88bd9ca86c8,295c8398-5f9e-493b-9904-f53958887063,anbefaling
310574260,61997571,10877398701,4539395,61997576,fe9905e9-a766-4efa-b1d3-c8f0df884ba6,a32a0b8d-c0ae-4abe-bf86-4a955aacb38a,fjord
310574376,61837071,10877297654,4539391,61997609,89d4907b-9502-47d2-870e-7766a92f45e6,f1f79852-82d8-4e91-b978-46ee6729a941,ask
310574414,61997616,05929199350,4518285,61909605,e8b392c2-aee6-41ce-a7a5-498eda2b8f98,3fd8bbeb-3ef0-4825-8bf0-3d875a7973bd,ingeniør
310574457,61997622,13885798726,4501887,61997626,62b5707f-cefe-41f6-82a0-ee1d958b29ce,d2bbf4b9-8f73-47ca-96a4-f39cc3e07a8b,hobby
310574511,61997645,17878297636,4559060,61751683,34d68a27-4d0c-41b5-9219-0af97da3848a,2a0167b4-81f5-4a14-a2f5-8ac7e0f25bbc,lagidrett
310574627,61997677,18818598390,4538642,61997681,92a4746e-95a2-4c12-b3f3-8e8adb249e77,2b02aa15-ad5c-4daf-8893-2491526a8971,båt
310574716,61997692,24865797962,4556194,61997700,15d105b7-7096-4bd7-8861-caaa1a11c3ab,3620259e-d2eb-44df-b4e4-b49eb3ee048a,pakke
310574759,61997701,05868497558,4503465,61997711,c32d78ce-5b17-42a5-94fb-a445eb89828b,acdea6d4-7de1-4519-8535-19b122bd1747,mil
310574856,61997733,07868699145,4568179,61977225,ea4c736f-5673-4c8e-9048-342028ef5be6,021e6207-3bfb-428a-95ce-4893096e4a44,fattigmannskost
310574988,61997778,13827296818,4556914,61997786,a04aa287-2510-44f8-8983-7f53d882c540,3688b435-f243-49c9-bd41-bd8ea59e603f,maktperson
310574996,61997783,04876198555,4541292,61997788,ae7bbe3f-8cb3-4d0f-86cc-668294f20992,e75ef4a3-27b3-42a5-8de3-2b13cfb0f619,galleri
310575178,61997825,07895999940,4557830,61997835,62141dc5-4f2f-4f5b-ac91-c9954a1bdfef,7c452ca1-be17-447f-81c3-b76525f96bad,adapter
310575208,61743038,04907296844,4541388,61997848,6564b055-d67f-4d1a-8639-6abe3fc29bfd,b89d2f38-97e0-40fc-a98c-3732cbd90bc8,øvelse
310575321,61997871,04867097517,4541398,61997877,bdc2cd89-5bb6-4f29-ae32-27bebabbc4ac,bc76247d-b6be-47b9-b932-3592f4b3dd99,botanikk
310575623,61997940,01907394847,4502158,61997945,7922030d-f473-406b-b75c-8df23d5eb2f1,1be82443-59e4-4c9a-8966-b8ad5cb7f49c,blokk
310575631,61997942,26866598982,4547508,61997948,16b4f558-3e9f-4a7d-b0d5-a59a22a72468,411d1439-3b57-4504-b162-accaf8bd3188,damesykkel
310575690,61997953,16887499520,4504627,61997960,a71d8945-077c-4ebc-a086-e6c39ecb8a82,fde4cccf-7f49-4075-b219-819ba249e8b4,autoritet
310575844,61997988,03840199109,4561852,61997992,d04d293f-28f1-4f19-8000-4fd57d6f0040,2aa9e6d5-39c8-4f62-bee8-c4f9674bf4b8,dal
310575925,61998010,17848197564,4546726,61920702,d25f989c-2d71-40e2-afb7-5e5a0a49e98a,ffe329cb-9036-46cd-ac1b-097f8d734dbc,ark
310576069,61998041,31817697901,4542983,61998049,e1e2edcb-9cd1-4066-9b8a-443581fb4457,50d83808-c8f2-4030-a827-72d91b6d32ba,vaffel
310576085,61998046,10857698946,4545261,61998053,d13c55f6-a09c-4acd-a0bc-96d8bdbd612f,92f194d2-0350-492e-8042-256e25e90b1d,løvetann